timestamp,x,y,z,qx,qy,qz,qw,relative_time,drone_id
1753918653.4406505,0.022992195561528206,0.016736570745706558,0.035542041063308716,-0.00047817303619517937,-0.00216407167204999,0.05741854833457399,-0.9983477842772533,0.0,drone1
1753918653.6403394,0.027870051562786102,0.014261572621762753,0.03520020842552185,-0.0005243877141318827,-0.002208807588294018,0.057484086684008395,-0.998343864620342,0.19968891143798828,drone1
1753918653.8403485,0.031032318249344826,0.012183871120214462,0.03545132279396057,-0.000556610790815858,-0.0022248701473882243,0.057503389940626426,-0.9983426845085835,0.39969801902770996,drone1
1753918654.0403426,0.02989276498556137,0.010750725865364075,0.03525032103061676,-0.0005886241210740409,-0.0021696778614464464,0.05746313970029854,-0.9983450868789487,0.5996921062469482,drone1
1753918654.240328,0.024934304878115654,0.00893945712596178,0.033824995160102844,-0.0006176572904794118,-0.002071062550055368,0.05737475775897122,-0.9983504395287096,0.7996776103973389,drone1
1753918654.440327,0.02052680402994156,0.0075257280841469765,0.03219182789325714,-0.0006188864638035614,-0.001984714358804801,0.05737159674533293,-0.9983507345566491,0.9996764659881592,drone1
1753918654.6403353,0.01874094270169735,0.0073554618284106255,0.031086161732673645,-0.0006187467288907737,-0.0019921124066484466,0.05735823619435498,-0.9983515353467709,1.1996848583221436,drone1
1753918654.8403225,0.018593886867165565,0.009146721102297306,0.03021743893623352,-0.0005691835579261372,-0.0020251778852352275,0.057335898364644144,-0.9983527154585292,1.399672031402588,drone1
1753918655.0405192,0.01807694137096405,0.011900374665856361,0.02868284285068512,-0.0005409203093686618,-0.002001406074858321,0.057315457143116366,-0.9983540220108329,1.5998687744140625,drone1
1753918655.2404182,0.01674981787800789,0.015332581475377083,0.028283491730690002,-0.000506176406626192,-0.0019637309905108204,0.05730778641668738,-0.9983545277730151,1.7997677326202393,drone1
1753918655.4404154,0.014754758216440678,0.016719039529561996,0.02956867218017578,-0.0004877191327467699,-0.0018974324337599777,0.05734091383961698,-0.9983527576053777,1.9997649192810059,drone1
1753918655.6404119,0.013210509903728962,0.015654388815164566,0.0306255966424942,-0.0005206515441839061,-0.0019036205295473005,0.057326583911123274,-0.9983535162486509,2.199761390686035,drone1
1753918655.8404143,0.009710879996418953,0.014609870500862598,0.031433045864105225,-0.0005762127796862812,-0.0018739586970909971,0.05730896652844564,-0.9983546120667122,2.399763822555542,drone1
1753918656.0404418,0.004660561215132475,0.013436530716717243,0.03400468826293945,-0.0006144409591024241,-0.0018000141916482844,0.05729585885855876,-0.9983554971505308,2.5997912883758545,drone1
1753918656.2404695,-0.001112124533392489,0.013447914272546768,0.03602643311023712,-0.0006146829330500759,-0.0017462256344843038,0.05730588980850437,-0.9983549913883488,2.799818992614746,drone1
1753918656.4404285,-0.005004512146115303,0.013392273336648941,0.03526414930820465,-0.0006094475042116134,-0.0017409821384756184,0.05731672154857165,-0.9983543591856211,2.9997780323028564,drone1
1753918656.6404574,-0.007927189581096172,0.014089465141296387,0.03426256775856018,-0.0006027752547338277,-0.0017550918249904337,0.05732460300924319,-0.9983538955702874,3.1998069286346436,drone1
1753918656.8404157,-0.011284603737294674,0.017475204542279243,0.033171236515045166,-0.0005657229888547513,-0.0017027456860940937,0.057348921740834,-0.9983525890179836,3.3997652530670166,drone1
1753918657.0404553,-0.012262905947864056,0.02021723799407482,0.032125696539878845,-0.0005376328551848121,-0.0017141608142774028,0.05735633958617192,-0.9983521675494984,3.5998048782348633,drone1
1753918657.2404492,-0.012859013862907887,0.023804951459169388,0.03233802318572998,-0.0005084252126438578,-0.0017109504509600188,0.057386348142311694,-0.9983504816755581,3.7997987270355225,drone1
1753918657.4404166,-0.014868265017867088,0.02734234929084778,0.032718852162361145,-0.0004950139948978213,-0.0016484165050480908,0.0574210349986361,-0.9983485850673751,3.9997661113739014,drone1
1753918657.6404524,-0.017262721434235573,0.028017282485961914,0.034858062863349915,-0.0005036615074682693,-0.0016151995200654426,0.057395114686801973,-0.99835014450077,4.199801921844482,drone1
1753918657.8404114,-0.020108383148908615,0.026602359488606453,0.03674459457397461,-0.0005660010592732471,-0.001580409025299033,0.0573270475264569,-0.9983540641576816,4.399760961532593,drone1
1753918658.0404425,-0.022281521931290627,0.02098989300429821,0.03715959191322327,-0.0006505762840721978,-0.0015796375404079311,0.057213967531902166,-0.9983605126255037,4.599792003631592,drone1
1753918658.2404084,-0.025321926921606064,0.01309934537857771,0.03511063754558563,-0.0007483156901086278,-0.0015630966722057706,0.05709827443273968,-0.9983670453870229,4.799757957458496,drone1
1753918658.440409,-0.02703622169792652,0.00491805374622345,0.03267174959182739,-0.0008080610704605347,-0.0015499278399977038,0.05702430671360309,-0.9983713022187224,4.99975848197937,drone1
1753918658.6404073,-0.025701068341732025,-0.0021380558609962463,0.028979450464248657,-0.000835934460669284,-0.0015938265815359587,0.05697819806133214,-0.9983738310296332,5.199756860733032,drone1
1753918658.840411,-0.02410571277141571,-0.008760941214859486,0.024876907467842102,-0.0008443867971111789,-0.001652132054321161,0.05690262876195212,-0.9983780035676357,5.399760484695435,drone1
1753918659.040408,-0.02192630246281624,-0.013972404412925243,0.022566184401512146,-0.0008623523851973283,-0.0016860765663490034,0.056843833908279406,-0.9983813331686682,5.599757432937622,drone1
1753918659.2404265,-0.018227580934762955,-0.016541805118322372,0.020030170679092407,-0.0008434023142307763,-0.0017291887999495684,0.05682971471402826,-0.9983820496650928,5.799776077270508,drone1
1753918659.4404209,-0.013070059940218925,-0.01683850772678852,0.01609744131565094,-0.0007857778587848915,-0.001796348650598789,0.056844676845249686,-0.998381080287577,5.999770402908325,drone1
1753918659.6404023,-0.007063564844429493,-0.015420110896229744,0.012804612517356873,-0.0007312929731217824,-0.001854308510994396,0.05686140914410853,-0.9983801109100612,6.199751853942871,drone1
1753918659.8404233,-0.0035063389223068953,-0.014968528412282467,0.01161356270313263,-0.0006830163511715535,-0.0018605918899402179,0.05687565477890516,-0.998379352266788,6.399772882461548,drone1
1753918660.0404286,-0.001245379215106368,-0.014304311946034431,0.013236597180366516,-0.000659519359649635,-0.0018481868458843156,0.056901448650193864,-0.9983779192739386,6.599778175354004,drone1
1753918660.2404273,0.001181062776595354,-0.0133721474558115,0.01631234586238861,-0.0006417178726230684,-0.001851445529904973,0.05692614670342122,-0.9983764862810893,6.799776792526245,drone1
1753918660.440396,0.0008530396735295653,-0.01161264069378376,0.01829814910888672,-0.0006041304570131926,-0.0018286007855591792,0.0569584311893806,-0.9983747161134519,6.999745607376099,drone1
1753918660.6404254,-0.0009510763920843601,-0.00972832553088665,0.01754520833492279,-0.0005876607527769257,-0.0017800304939174219,0.0570233794829359,-0.9983711336313283,7.199774980545044,drone1
1753918660.8403957,-0.002850258955731988,-0.006571588106453419,0.01402677595615387,-0.0005676746266631899,-0.0017475921966564312,0.05704040680973432,-0.9983702064006612,7.399745225906372,drone1
1753918661.0403955,-0.005301179829984903,-0.0021274969913065434,0.01091410219669342,-0.0005302937470746304,-0.0017064398326706546,0.05708706337103586,-0.9983676354429021,7.599745035171509,drone1
1753918661.2404077,-0.005786610301584005,0.001696378574706614,0.006533756852149963,-0.00046698617600194996,-0.0016993995391309702,0.057110497018807826,-0.9983663710374467,7.799757242202759,drone1
1753918661.440397,-0.005352257750928402,0.004831362050026655,0.0014797300100326538,-0.00044968691148078357,-0.0017261568198757844,0.057095661328131986,-0.99836712968072,7.999746561050415,drone1
1753918661.6403897,-0.003943548537790775,0.005317772272974253,-0.005219906568527222,-0.0004674103609831541,-0.0017446371839720176,0.05708031987527412,-0.9983679726176902,8.199739217758179,drone1
1753918661.8403697,0.0003819097764790058,0.0050970930606126785,-0.010725006461143494,-0.0004912120939761418,-0.0018205741569826636,0.05708499817545876,-0.9983675932960534,8.39971923828125,drone1
1753918662.0403566,0.004756010137498379,0.005454322788864374,-0.013408869504928589,-0.00048260290046425204,-0.0018601948699199676,0.057105903012320214,-0.9983663288905982,8.599706172943115,drone1
1753918662.2403479,0.007430607918649912,0.0053628659807145596,-0.014255687594413757,-0.0004638608884031908,-0.0018732034288584045,0.05710392211044024,-0.9983663710374467,8.799697399139404,drone1
1753918662.4403677,0.008454867638647556,0.004389739595353603,-0.013917729258537292,-0.0004624492982503299,-0.0018887602257704802,0.05708419738533704,-0.998367551149205,8.999717235565186,drone1
1753918662.6403432,0.008231504820287228,0.0030799878295511007,-0.0098724365234375,-0.0004928762771068459,-0.001874190669393934,0.057056211877925866,-0.9983691527294485,9.199692726135254,drone1
1753918662.8403687,0.006813564337790012,0.0023564063012599945,-0.0029791444540023804,-0.0005317713974734483,-0.0018290151746908274,0.05704908906052747,-0.998369616344782,9.399718284606934,drone1
1753918663.0403752,0.0058229705318808556,0.0006984500796534121,0.003070428967475891,-0.0005761325607334025,-0.0018121518666339457,0.057059920800594854,-0.9983689841420544,9.599724769592285,drone1
1753918663.2403522,0.0052200015634298325,-0.0027201382908970118,0.009399056434631348,-0.0006463819729418241,-0.0018199335578125235,0.05705532679410713,-0.9983691948762969,9.799701690673828,drone1
1753918663.4403384,0.005353302229195833,-0.0075943064875900745,0.013408750295639038,-0.000700935388392795,-0.0018439677158577973,0.05707926620406134,-0.9983676775897505,9.999687910079956,drone1
1753918663.640349,0.006566885858774185,-0.015028390102088451,0.014794126152992249,-0.0007720708722367074,-0.0018902528580568548,0.057108895438564455,-0.9983658652752645,10.199698448181152,drone1
1753918663.840346,0.007048171013593674,-0.020306061953306198,0.01672285795211792,-0.0008220811126042008,-0.0019247934763415165,0.05714345585434344,-0.9983638422265361,10.399695634841919,drone1
1753918664.0403352,0.007234224583953619,-0.02204359509050846,0.019261091947555542,-0.0007964022396502401,-0.0019289173643685677,0.05712739790506072,-0.9983647273103549,10.599684715270996,drone1
1753918664.2403347,0.007793291937559843,-0.020516306161880493,0.022367224097251892,-0.000719828906849724,-0.0019288413847959591,0.05710324776086406,-0.9983662024500526,10.799684286117554,drone1
1753918664.4403331,0.008671427145600319,-0.01639377698302269,0.024091854691505432,-0.0006635374689650913,-0.0019285447516541447,0.05709768437686058,-0.9983665396248407,10.999682664871216,drone1
1753918664.6403337,0.009660090319812298,-0.012753895483911037,0.024593636393547058,-0.0006430368137954624,-0.0019143562455935302,0.05710084539049892,-0.9983664131842952,11.19968318939209,drone1
1753918664.8403625,0.009776568040251732,-0.01108622644096613,0.02399711310863495,-0.0006438376450762012,-0.001905879748799999,0.057102278383348304,-0.9983663288905982,11.399712085723877,drone1
1753918665.040352,0.010652642697095871,-0.01037574466317892,0.021119028329849243,-0.0006439074096350156,-0.0018964127187483981,0.05710788391420024,-0.9983660338626585,11.599701642990112,drone1
1753918665.2403371,0.011760856956243515,-0.009575393050909042,0.0174119770526886,-0.0006408188770516083,-0.0018787319100029192,0.0571098226692317,-0.9983659495689616,11.799686670303345,drone1
1753918665.4403298,0.0127840805798769,-0.007883016020059586,0.014467805624008179,-0.000623242900359994,-0.001875178486155908,0.05709726290837541,-0.9983667082122348,11.999679327011108,drone1
1753918665.6403344,0.012914756312966347,-0.0027118423022329807,0.0121992826461792,-0.000567954137647797,-0.0018619377902784075,0.057082005749214515,-0.9983676354429021,12.199683904647827,drone1
1753918665.8403282,0.011561011895537376,0.004283203277736902,0.011424079537391663,-0.0004932332082301726,-0.0018229799435474196,0.05704213483052323,-0.9983699956664187,12.399677753448486,drone1
1753918666.0403242,0.010453599505126476,0.010115593671798706,0.011288687586784363,-0.00043391818671423266,-0.0018078530938809931,0.05702611902808907,-0.9983710071907829,12.599673748016357,drone1
1753918666.2403257,0.010224239900708199,0.011263134889304638,0.01270093023777008,-0.00047216785114494837,-0.0018144114563179296,0.05705355662646966,-0.998369363463691,12.799675226211548,drone1
1753918666.4403257,0.00956524908542633,0.010520396754145622,0.012929543852806091,-0.0005074767850752674,-0.0017841071313760251,0.05705423097604584,-0.998369363463691,12.999675273895264,drone1
1753918666.640321,0.009327183477580547,0.007855398580431938,0.011911198496818542,-0.00056176501288468,-0.001774009874230285,0.05705461029768244,-0.9983693213168424,13.199670553207397,drone1
1753918666.8403277,0.009349810890853405,0.005531296133995056,0.011627212166786194,-0.0005815934999068175,-0.0017573814196085627,0.05707450361017957,-0.9983682254987811,13.399677276611328,drone1
1753918667.0403214,0.00897674635052681,0.003138935659080744,0.010936468839645386,-0.0006119934784385063,-0.001764854500367087,0.05707968767254645,-0.9983679304708416,13.599670886993408,drone1
1753918667.2403173,0.009757217951118946,0.0020728278905153275,0.010389119386672974,-0.0005905795043543686,-0.0017780409486407424,0.057088032748551565,-0.9983674247086594,13.79966688156128,drone1
1753918667.440319,0.013482789508998394,0.0014210499357432127,0.009856581687927246,-0.0005949879247679002,-0.0018592199359349312,0.0571096540818376,-0.9983660338626587,13.999668598175049,drone1
1753918667.6403172,0.01816718466579914,-0.0014670134987682104,0.009814247488975525,-0.0005763775804494038,-0.0019224782808056398,0.057166931648963915,-0.9983627042616263,14.199666738510132,drone1
1753918667.8403232,0.02184324897825718,-0.006044857203960419,0.008922368288040161,-0.0006353209359086511,-0.001972229507386337,0.057180207906244895,-0.9983617348841105,14.399672746658325,drone1
1753918668.0403278,0.02250547520816326,-0.011081268079578876,0.006326660513877869,-0.0006686425883090369,-0.001987890395489706,0.057181008696366664,-0.998361692737262,14.599677324295044,drone1
1753918668.2404182,0.021692736074328423,-0.014088870026171207,0.005014136433601379,-0.0006961791330019533,-0.001937700907538946,0.05718113513691209,-0.9983617348841105,14.79976773262024,drone1
1753918668.4403799,0.02031712420284748,-0.015301457606256008,0.006178006529808044,-0.0006882368804405232,-0.0019246979873878591,0.057159555950474616,-0.9983629992895658,14.99972939491272,drone1
1753918668.640404,0.018940089270472527,-0.01778043620288372,0.0071846842765808105,-0.0007208068454440784,-0.0019362534678694318,0.05717182068339127,-0.9983622827931411,15.199753522872925,drone1
1753918668.8403788,0.018136993050575256,-0.020441411063075066,0.008998394012451172,-0.0007578178699733422,-0.001913455809455959,0.05718863727594703,-0.9983613134156253,15.399728298187256,drone1
1753918669.0403745,0.01766982488334179,-0.02182012051343918,0.011784553527832031,-0.0007622601231109715,-0.001919870814985314,0.05717915423503217,-0.9983618613246561,15.599724054336548,drone1
1753918669.24043,0.015842542052268982,-0.02063809148967266,0.015485301613807678,-0.0007308749619953405,-0.0019046032014303062,0.057165498656114644,-0.9983626199679292,15.799779653549194,drone1
1753918669.4403815,0.014430486597120762,-0.018613602966070175,0.020023047924041748,-0.0006725403897746914,-0.0018687301829698683,0.05715875516035285,-0.9983632100238083,15.999731063842773,drone1
1753918669.6403894,0.015502743422985077,-0.015670042484998703,0.022025302052497864,-0.0006248892204709191,-0.0018715710205002103,0.0571504943780447,-0.9983636314922935,16.1997389793396,drone1
1753918669.84038,0.018979208543896675,-0.011688047088682652,0.021247103810310364,-0.0005668670864602762,-0.001919358549676167,0.05714800771398254,-0.998363757932839,16.39972949028015,drone1
1753918670.0403643,0.023252777755260468,-0.010342594236135483,0.020327985286712646,-0.0005577835762665118,-0.0019856350040269605,0.0571405055749476,-0.9983640108139301,16.599713802337646,drone1
1753918670.2403903,0.025565756484866142,-0.008841659873723984,0.019037216901779175,-0.0005690848585680032,-0.002006193940385546,0.057156900699018354,-0.9983630414364144,16.799739837646484,drone1
1753918670.4403572,0.023721547797322273,-0.007011789828538895,0.016678914427757263,-0.0005450094591729171,-0.0019723727408168237,0.05714922997258942,-0.9983636314922935,16.999706745147705,drone1
1753918670.6403487,0.01997874118387699,-0.005173043813556433,0.0143890380859375,-0.0005644206759311838,-0.0018855087857394108,0.05711129780892954,-0.9983659074221132,17.199698209762573,drone1
1753918670.8403692,0.014452613890171051,-0.0037631893064826727,0.012154355645179749,-0.0005710360436270925,-0.001787130838484428,0.05710265770498485,-0.9983665396248407,17.399718761444092,drone1
1753918671.0403683,0.008097711950540543,-0.002093840856105089,0.010673820972442627,-0.0005889256932996653,-0.001725956704663421,0.05706687503059915,-0.9983686891141148,17.59971785545349,drone1
1753918671.24036,0.0019181645475327969,-0.0007526607369072735,0.009545236825942993,-0.0005834672236681552,-0.0017132953221577867,0.0570715954776323,-0.9983684362330236,17.79970955848694,drone1
1753918671.4403577,-0.001902021816931665,0.00040275754872709513,0.00853516161441803,-0.0006012295684555287,-0.001692261657527009,0.05706738079278123,-0.9983687734078119,17.999707221984863,drone1
1753918671.64038,-0.0015645624371245503,0.0029261305462569,0.005624949932098389,-0.0006001169575092918,-0.0016993793712054132,0.05708149998703238,-0.9983678883239931,18.199729442596436,drone1
1753918671.8403914,0.00126963434740901,0.005058396607637405,0.0035420358180999756,-0.0005601957836402206,-0.0017577658038060659,0.05711745124881218,-0.998365823128416,18.39974093437195,drone1
1753918672.0403779,0.0054113720543682575,0.005045701749622822,0.0002872049808502197,-0.0005505061655449217,-0.0018101921616552842,0.05716427639750782,-0.9983629992895658,18.599727392196655,drone1
1753918672.2403824,0.010538963600993156,0.0063399383798241615,-0.004944756627082825,-0.0005359371030767566,-0.0018592897004937456,0.057202630029652646,-0.9983607233597462,18.799731969833374,drone1
1753918672.4403543,0.015303237363696098,0.0077250185422599316,-0.00890621542930603,-0.000520450605790908,-0.0019041008554478106,0.05725489212180623,-0.9983576887866534,18.999703884124756,drone1
1753918672.640364,0.019259551540017128,0.008045848459005356,-0.01163475215435028,-0.0005414099372103468,-0.001917192226358126,0.05726783120429901,-0.9983568879965317,19.199713468551636,drone1
1753918672.840369,0.022943180054426193,0.008644252084195614,-0.014626950025558472,-0.0005540776993659026,-0.0019227402992017535,0.05725868533817213,-0.9983574359055625,19.399718523025513,drone1
1753918673.0403593,0.026113659143447876,0.01015702448785305,-0.01740075647830963,-0.0005813507439375625,-0.0019489884838828652,0.05727124509902837,-0.9983565929685922,19.599708795547485,drone1
1753918673.240385,0.02711138315498829,0.010400700382888317,-0.02057221531867981,-0.0006101883667830939,-0.001956560305158555,0.05728178181115612,-0.998356002912713,19.799734592437744,drone1
1753918673.440368,0.02653489075601101,0.009145515039563179,-0.023296520113945007,-0.0006543727520016864,-0.0019274429243742264,0.057261003414840306,-0.9983572251713198,19.999717473983765,drone1
1753918673.6403546,0.023720169439911842,0.007204689085483551,-0.023990541696548462,-0.0007005079106890507,-0.0018716569605585023,0.0572178871888136,-0.998359711835382,20.19970417022705,drone1
1753918673.840352,0.020129775628447533,0.004047726280987263,-0.024441570043563843,-0.0007443904355687967,-0.0018008631789961692,0.05720440019729012,-0.9983606390660491,20.399701595306396,drone1
1753918674.0403528,0.017384573817253113,-0.0011334425071254373,-0.025062188506126404,-0.0007804120792928802,-0.0017948222679063804,0.05720182923953099,-0.9983607655065947,20.59970235824585,drone1
1753918674.2403622,0.014966928400099277,-0.00746898865327239,-0.02385127544403076,-0.000837776203862953,-0.0017932612293092391,0.057203978728805005,-0.9983605547723522,20.79971170425415,drone1
1753918674.4403558,0.013939915224909782,-0.01128497812896967,-0.020799875259399414,-0.0008595539414696875,-0.0018130081802894818,0.057182778864004025,-0.998361777030959,20.99970531463623,drone1
1753918674.6403742,0.015276266261935234,-0.012856452725827694,-0.01910977065563202,-0.0008641586081465979,-0.0018566071605995095,0.057170893452724025,-0.9983623670868382,21.199723720550537,drone1
1753918674.8403502,0.016284381970763206,-0.012068658135831356,-0.01732279360294342,-0.0008286968507313952,-0.001878507675597951,0.05714863991671021,-0.9983636314922935,21.399699687957764,drone1
1753918675.0403452,0.01613193191587925,-0.00905598234385252,-0.014379233121871948,-0.0007918877935709234,-0.0018781125900521932,0.0571621690550822,-0.9983628307021717,21.59969472885132,drone1
1753918675.240347,0.014692484401166439,-0.0034087281674146652,-0.009686842560768127,-0.0007460887395368208,-0.0018387643087460354,0.05719049173728158,-0.9983613977093224,21.799696445465088,drone1
1753918675.4403503,0.013650196604430676,0.0035585728473961353,-0.006224110722541809,-0.0006975527745275419,-0.0018184565247991815,0.05720355726031989,-0.9983606390660491,21.99969983100891,drone1
1753918675.6403973,0.014138073660433292,0.00889942143112421,-0.005750209093093872,-0.0006477905173263356,-0.0018427446340703463,0.05720705544874638,-0.9983604283318066,22.19974684715271,drone1
1753918675.8403568,0.01755194365978241,0.015229023061692715,-0.006775751709938049,-0.000623377819666067,-0.0019157264709194835,0.05717784768272832,-0.9983619877652016,22.39970636367798,drone1
1753918676.0403626,0.02020345814526081,0.020488379523158073,-0.006461039185523987,-0.0006020245139947274,-0.0019492668012555513,0.05715496194398684,-0.9983632943175054,22.599712133407593,drone1
1753918676.2403374,0.0213051475584507,0.02525935135781765,-0.005124226212501526,-0.0005780565808315375,-0.0019247214068769242,0.05716962904726869,-0.9983624513805351,22.799686908721924,drone1
1753918676.440356,0.02214810438454151,0.027459019795060158,-0.0039577484130859375,-0.0006040981060142379,-0.0019047057285783925,0.05717241073927043,-0.9983623670868382,22.99970555305481,drone1
1753918676.6403317,0.02341589517891407,0.027277305722236633,-0.0015556663274765015,-0.0006353015911637292,-0.001914605298894643,0.05718029219994197,-0.9983619034715046,23.199681282043457,drone1
1753918676.840332,0.02299039624631405,0.02546941302716732,0.0012943297624588013,-0.0006604155152479042,-0.0018901853160857547,0.05715997741895973,-0.9983630835832629,23.399681568145752,drone1
1753918677.040335,0.022601015865802765,0.023373909294605255,0.0026127398014068604,-0.00068016818733356,-0.0018706409087007481,0.0571487663572558,-0.998363757932839,23.599684476852417,drone1
1753918677.2403781,0.022609032690525055,0.0197973120957613,0.003845706582069397,-0.0006979867553583023,-0.0019068140999797313,0.057154034713319646,-0.9983632943175054,23.79972767829895,drone1
1753918677.4403307,0.022915875539183617,0.0164509117603302,0.006014108657836914,-0.0007287230443384117,-0.0019017847544132353,0.05716600441829678,-0.9983626199679292,23.999680280685425,drone1
1753918677.6403244,0.023367853835225105,0.013685502111911774,0.008013516664505005,-0.0007224580223207499,-0.0019328503979653996,0.05717182068339122,-0.9983621984994442,24.199673891067505,drone1
1753918677.8403425,0.02497735433280468,0.011734922416508198,0.008683830499649048,-0.0007117070774327732,-0.0019444693045148973,0.05717165209599723,-0.9983622827931411,24.399692058563232,drone1
1753918678.0403254,0.028825344517827034,0.012571138329803944,0.010320976376533508,-0.0006835982164033879,-0.0019897605795743136,0.05715816510447369,-0.9983629571427174,24.599674940109253,drone1
1753918678.240322,0.031920820474624634,0.015162002295255661,0.014205262064933777,-0.0006323940348429219,-0.00200394089498761,0.057146363986890714,-0.9983636314922935,24.79967164993286,drone1
1753918678.440335,0.030880294740200043,0.016141017898917198,0.018820539116859436,-0.0006226663858022868,-0.001988298775402719,0.057148555623013186,-0.9983635471985964,24.99968457221985,drone1
1753918678.6403174,0.028089474886655807,0.018205024302005768,0.02417054772377014,-0.0006223497493710426,-0.001954458683838424,0.05715985097841414,-0.9983629571427173,25.19966697692871,drone1
1753918678.840331,0.026548737660050392,0.020191192626953125,0.027776911854743958,-0.0006438746882047753,-0.0019359581106576018,0.05717093559957254,-0.9983623249399897,25.399680614471436,drone1
1753918679.0403337,0.02491234615445137,0.02131522260606289,0.03126081824302673,-0.0006348349300617598,-0.0019415880899744094,0.057180039318850906,-0.9983618191778075,25.59968328475952,drone1
1753918679.2403355,0.024133626371622086,0.020296186208724976,0.035014331340789795,-0.0006625392389680849,-0.0019388044223391664,0.057198457491650145,-0.9983607655065947,25.79968500137329,drone1
1753918679.4403179,0.023158637806773186,0.01745046116411686,0.03953540325164795,-0.0007200379124129451,-0.0019337244100045875,0.05723023621542728,-0.9983589110452603,25.999667406082153,drone1
1753918679.640316,0.02019541524350643,0.014875015243887901,0.04532480239868164,-0.0007423517464082093,-0.0018838282624731022,0.05724486117186062,-0.9983581102551385,26.199665546417236,drone1
1753918679.8403258,0.018290039151906967,0.01391253899782896,0.049330055713653564,-0.0007344297440903993,-0.0018933982724221388,0.05721885656632941,-0.9983596696885335,26.399675369262695,drone1
1753918680.0403173,0.019873185083270073,0.012496080249547958,0.05011048913002014,-0.0007237051821417739,-0.0019564514395195793,0.05723516739670309,-0.9983585317236237,26.599666833877563,drone1
1753918680.2403166,0.02436302788555622,0.0100246025249362,0.04838082194328308,-0.0007524182577572331,-0.0020236303468005,0.05724165801137371,-0.9983580259614415,26.799666166305542,drone1
1753918680.4403813,0.028535541146993637,0.006004823837429285,0.04710584878921509,-0.000774838035100219,-0.0020616349915152142,0.05725194184241045,-0.9983573516118653,26.999730825424194,drone1
1753918680.6403968,0.030534902587532997,0.0016440155450254679,0.04691880941390991,-0.0008088688164586071,-0.0020568248177927815,0.057277820007396174,-0.9983558343253189,27.19974637031555,drone1
1753918680.8404055,0.03130173683166504,-0.00036837952211499214,0.0473688542842865,-0.00080298398041721,-0.002021694184787999,0.05725636726150407,-0.9983571408776228,27.399755001068115,drone1
1753918681.0404115,0.03006124310195446,0.0008073120261542499,0.048991620540618896,-0.0007377847814043809,-0.0019640068383416018,0.057209289231717475,-0.9983600490101701,27.59976100921631,drone1
1753918681.2404249,0.027284815907478333,0.0031704148277640343,0.0492265522480011,-0.0006775962417576335,-0.0019091129142209716,0.05717717333315214,-0.9983619877652016,27.799774408340454,drone1
1753918681.4403756,0.025133388116955757,0.0044033341109752655,0.04713320732116699,-0.0006419176174041458,-0.0018834421907552973,0.05718062937473006,-0.9983619034715046,27.999725103378296,drone1
1753918681.6403823,0.02287602424621582,0.003918432164937258,0.04269051551818848,-0.0006654470422430825,-0.0018816244844361697,0.05719082891206961,-0.9983613134156253,28.199731826782227,drone1
1753918681.8403974,0.019414853304624557,0.003800455015152693,0.03973403573036194,-0.0006777478304715648,-0.0018297219575840198,0.05716048318114181,-0.9983631678769598,28.399746894836426,drone1
1753918682.0403967,0.01627836748957634,0.005026411265134811,0.0379645973443985,-0.0006377889960884433,-0.0017878683260153052,0.05715858657295886,-0.9983632943175054,28.599746227264404,drone1
1753918682.2403984,0.013258209452033043,0.007905758917331696,0.036983340978622437,-0.0006090248421145837,-0.0017483565610350404,0.05712406830402833,-0.9983653595130825,28.799747943878174,drone1
1753918682.4403632,0.013652059249579906,0.012493926100432873,0.03622037172317505,-0.0005448991941268617,-0.0017795521848094674,0.0571337199323374,-0.9983648116040518,28.999712705612183,drone1
1753918682.6403697,0.014563672244548798,0.019897790625691414,0.03660818934440613,-0.000448334919605895,-0.001791074655747578,0.057174180906907845,-0.9983625356742322,29.199719190597534,drone1
1753918682.8403742,0.013391890563070774,0.029416333884000778,0.03724139928817749,-0.0003509977196277155,-0.0017595628482912555,0.05718994382825093,-0.998361777030959,29.399723768234253,drone1
1753918683.0403607,0.009693343192338943,0.036058779805898666,0.036396920680999756,-0.00031726443575080864,-0.0017018243000093624,0.05712482694730153,-0.9983656123941735,29.59971022605896,drone1
1753918683.240433,0.007302029523998499,0.03608743101358414,0.034036412835121155,-0.0003812883386120473,-0.0016831569915909256,0.05705798204556334,-0.9983694056105394,29.799782514572144,drone1
1753918683.4403942,0.00696748960763216,0.030784910544753075,0.0332266241312027,-0.0004899304017274806,-0.0017246968267015865,0.05703210388057761,-0.9983707543096918,29.999743700027466,drone1
1753918683.6403766,0.005597593262791634,0.02388780191540718,0.03387920558452606,-0.0005506431839616138,-0.001732663651204971,0.05696820925823515,-0.9983743789386638,30.199726104736328,drone1
1753918683.8403828,0.004078506492078304,0.01606573350727558,0.03541982173919678,-0.0006338334073422133,-0.0017108497759683607,0.056890406175884034,-0.9983787622109088,30.3997323513031,drone1
1753918684.0403936,0.002252731705084443,0.00826020073145628,0.0361790657043457,-0.000694609409849113,-0.001709799315160065,0.05684265379652109,-0.9983815017560622,30.599743127822876,drone1
1753918684.2403688,-0.0021651845891028643,0.0033229985274374485,0.036661505699157715,-0.0007098615887672151,-0.001670615793457998,0.05680080197594989,-0.9983839041264273,30.799718379974365,drone1
1753918684.4403553,-0.007787708193063736,-0.0006316430517472327,0.03545874357223511,-0.0006991545605661146,-0.0016402350773531676,0.056752670274950345,-0.9983866858184289,30.999704837799072,drone1
1753918684.6403565,-0.01233773585408926,-0.0035347819793969393,0.034653037786483765,-0.0006897442065012321,-0.001609254097929311,0.05673526362651543,-0.9983877394896417,31.199706077575684,drone1
1753918684.8403723,-0.0163112860172987,-0.005562082398682833,0.035424768924713135,-0.000648201078668031,-0.0015990115905605289,0.056773111496478235,-0.9983856321472162,31.39972186088562,drone1
1753918685.0403566,-0.021309558302164078,-0.006139779929071665,0.036389559507369995,-0.0006216322651295953,-0.001590015707945358,0.056833887252030924,-0.9983821761056383,31.599706172943115,drone1
1753918685.24037,-0.023949263617396355,-0.006413085386157036,0.03769098222255707,-0.0005884179966430424,-0.0015868467094548816,0.05687422178605578,-0.9983799423226672,31.79971957206726,drone1
1753918685.440363,-0.024431979283690453,-0.005575602874159813,0.03964146971702576,-0.000582547483944694,-0.0016393828384417746,0.056955944525318436,-0.9983751797287854,31.999712467193604,drone1
1753918685.6403491,-0.023812908679246902,-0.004445923026651144,0.04180920124053955,-0.0005683093812508217,-0.0016982193862136333,0.05700677362462253,-0.9983722294493897,32.19969868659973,drone1
1753918685.840349,-0.024454491212964058,-0.0011330319102853537,0.04324421286582947,-0.0005322996736459457,-0.0017053448377900063,0.0570330311112448,-0.9983707543096918,32.39969849586487,drone1
1753918686.0403652,-0.025629350915551186,0.003266511019319296,0.04430598020553589,-0.0004965680776185972,-0.0017301445949848419,0.057064261925991455,-0.9983689419952059,32.59971475601196,drone1
1753918686.24034,-0.02666264958679676,0.0066015576012432575,0.04600372910499573,-0.0004815812098191486,-0.0017321966608307478,0.05706278678629351,-0.9983689841420544,32.799689531326294,drone1
1753918686.440347,-0.027210701256990433,0.00955506693571806,0.04788333177566528,-0.0004887532534194613,-0.0017651650452616327,0.057058192779805894,-0.9983691948762969,32.999696493148804,drone1
1753918686.6403463,-0.02692863531410694,0.011181931011378765,0.047600775957107544,-0.00049031540331046,-0.0018020060829897736,0.05706763367387235,-0.9983686048204178,33.19969582557678,drone1
1753918686.8403394,-0.024870427325367928,0.011295987293124199,0.044842302799224854,-0.0005201937734327945,-0.0018607037601885115,0.057106155893411226,-0.9983663288905982,33.399688959121704,drone1
1753918687.040339,-0.022600779309868813,0.009333724156022072,0.04256907105445862,-0.0005745571576341807,-0.001891858965793761,0.057100971831044456,-0.9983664553311438,33.59968852996826,drone1
1753918687.2403417,-0.020358409732580185,0.004926629364490509,0.039598166942596436,-0.0006380066450483317,-0.0019141131191929893,0.057105270809592545,-0.9983661181563557,33.79969120025635,drone1
1753918687.4403424,-0.01735343597829342,0.0016865355428308249,0.03567442297935486,-0.0006658152509411084,-0.0019528650884471689,0.057111592836869174,-0.9983656966878705,33.9996919631958,drone1
1753918687.6403637,-0.013723934069275856,-0.0013063366059213877,0.033361345529556274,-0.0006746709870531743,-0.0019880119792694924,0.05716292769835546,-0.9983626621147778,34.19971323013306,drone1
1753918687.840417,-0.008455265313386917,-0.0023173028603196144,0.031149134039878845,-0.0006643142633712888,-0.0020277733737773143,0.05719807817001349,-0.9983605547723522,34.39976644515991,drone1
1753918688.040361,-0.003919575829058886,-0.0007502625230699778,0.028460100293159485,-0.0006361260065696601,-0.0020604115804555095,0.05720629680547312,-0.9983600911570185,34.59971046447754,drone1
1753918688.24036,-0.00017719385505188257,0.00038239831337705255,0.02588297426700592,-0.0006237676780147926,-0.0020487600347938346,0.05720402087565357,-0.9983602597444126,34.79970955848694,drone1
1753918688.4403348,0.0026387555990368128,-0.0001609142345841974,0.024273961782455444,-0.0006679189713718593,-0.002052418908080187,0.057239634962645336,-0.9983581945488356,34.99968433380127,drone1
1753918688.6403322,0.005298260599374771,-0.00024653851869516075,0.023358836770057678,-0.0007010366807699291,-0.0020477685960370666,0.05727145583327092,-0.9983563822343496,35.199681758880615,drone1
1753918688.8403423,0.009400785900652409,-0.0003200010978616774,0.023739665746688843,-0.0006750961186921089,-0.002082166022050274,0.05730816573832398,-0.9983541484513785,35.39969182014465,drone1
1753918689.0403433,0.01536017656326294,-0.002291292417794466,0.025077715516090393,-0.0007082359716492597,-0.002110077360886296,0.057355159474413664,-0.9983514089062253,35.599692821502686,drone1
1753918689.240366,0.021763082593679428,-0.00334428483620286,0.025567352771759033,-0.0007518775515571476,-0.0021586886469236754,0.05738858192528279,-0.9983493437106483,35.799715518951416,drone1
1753918689.4403179,0.026388363912701607,-0.0032918904908001423,0.025479242205619812,-0.0007478525275243571,-0.002175236882592519,0.05741526088039017,-0.9983477842772535,35.99966740608215,drone1
1753918689.6403353,0.030112290754914284,-0.0017108243191614747,0.02644285559654236,-0.0007600180671745126,-0.002183721652351432,0.05742293160681916,-0.9983472785150713,36.199684858322144,drone1
1753918689.8403192,0.032319869846105576,0.0019093613373115659,0.027288347482681274,-0.0007011683073534622,-0.002186941194132896,0.057374842052668185,-0.9983501023539214,36.39966869354248,drone1
1753918690.0403166,0.03300080820918083,0.005919110029935837,0.02761906385421753,-0.0006796507771454443,-0.0021635851722947175,0.057330082099549706,-0.9983527154585292,36.599666118621826,drone1
1753918690.2403195,0.03226231411099434,0.00854339636862278,0.02845415472984314,-0.0006698090764278332,-0.002121092011690688,0.05733391746276406,-0.9983525890179836,36.79966902732849,drone1
1753918690.4403148,0.029620898887515068,0.010101808235049248,0.02830326557159424,-0.0006747284862205275,-0.0020642007632363786,0.05736835143799757,-0.9983507767034976,36.999664306640625,drone1
1753918690.640318,0.02616783417761326,0.009796378202736378,0.027369841933250427,-0.0006916000672427908,-0.002014985591885179,0.05742925363409579,-0.9983473628087682,37.19966745376587,drone1
1753918690.84033,0.022137396037578583,0.009325853548943996,0.02654959261417389,-0.0007164025820927534,-0.0019761914757824885,0.05747228556642542,-0.9983448761447061,37.39967942237854,drone1
1753918691.0403168,0.018169840797781944,0.007524056825786829,0.026971951127052307,-0.0007372001585174193,-0.001934226632509988,0.057508742590387296,-0.9983428952428262,37.599666357040405,drone1
1753918691.2403228,0.01308973878622055,0.004265003837645054,0.028810977935791016,-0.0007505951184459148,-0.0018779191014439416,0.05757023484236473,-0.9983393970543997,37.7996723651886,drone1
1753918691.4403193,0.007800694555044174,0.001028162776492536,0.030888795852661133,-0.0007869808138058171,-0.0018396871765559094,0.057602182153535963,-0.9983376268867623,37.99966883659363,drone1
1753918691.6403186,0.0023614144884049892,-0.0021496072877198458,0.03220035135746002,-0.0008031437597784593,-0.001769920683266998,0.05765444424568944,-0.9983347609010635,38.199668169021606,drone1
1753918691.8403141,-0.0013753885868936777,-0.006072528660297394,0.03263367712497711,-0.0008550376020749104,-0.001747676819625707,0.05766085056666309,-0.9983343394325784,38.39966368675232,drone1
1753918692.0403159,-0.003416249295696616,-0.009284543804824352,0.03313681483268738,-0.0008384209189362681,-0.0017368213307970882,0.05765705735029719,-0.9983345923136695,38.59966540336609,drone1
1753918692.240372,-0.004270481411367655,-0.01113820169121027,0.033294111490249634,-0.0008244924967972749,-0.0017444553845287825,0.05765832175575247,-0.9983345923136695,38.799721479415894,drone1
1753918692.4403894,-0.005049878265708685,-0.012591177597641945,0.03177419304847717,-0.000791582969781791,-0.0017669031088543262,0.057674253264489606,-0.9983335807893052,38.999738931655884,drone1
1753918692.6404316,-0.006018033716827631,-0.013869104906916618,0.029735267162322998,-0.0007630968039083633,-0.0017506941882432204,0.05770708565947963,-0.9983317684748192,39.1997811794281,drone1
1753918692.8404002,-0.0061000133864581585,-0.015062447637319565,0.028810515999794006,-0.0007520832643978286,-0.001769058236915731,0.05771686372833412,-0.9983311784189401,39.399749755859375,drone1
1753918693.040386,-0.004277681466192007,-0.01582358404994011,0.028879135847091675,-0.0007397463796985027,-0.001800569468145609,0.05771812813378946,-0.998331094125243,39.599735498428345,drone1
1753918693.2404127,-7.131924940040335e-05,-0.015064675360918045,0.02971428632736206,-0.0007108751299240322,-0.0018541815765404821,0.057686981612739885,-0.998332737852335,39.79976224899292,drone1
1753918693.4403896,0.0036251370329409838,-0.011627286672592163,0.0313086062669754,-0.0006655014544830546,-0.0018980129407437643,0.05769827696814084,-0.9983320635027588,39.99973917007446,drone1
1753918693.6404023,0.004426604136824608,-0.00725160725414753,0.03236451745033264,-0.000632774015024028,-0.0018862581682304634,0.05772858055222019,-0.9983304197756668,40.19975185394287,drone1
1753918693.8404243,0.004066414665430784,-0.004828947130590677,0.033190011978149414,-0.0006534865568891005,-0.0018497792476636495,0.05771117390378516,-0.9983313891531826,40.399773836135864,drone1
1753918694.0404208,0.00172849977388978,-0.0030540074221789837,0.03320598602294922,-0.0006820982166503305,-0.0017944255771583843,0.05770350317735623,-0.9983318949153648,40.599770307540894,drone1
1753918694.2404525,0.001227083383128047,-0.002737911883741617,0.034609779715538025,-0.00070315217268376,-0.0017941108340426004,0.057704598995417467,-0.9983318949153648,40.79980206489563,drone1
1753918694.44041,-0.0001175644647446461,-0.0020260021556168795,0.03538013994693756,-0.0006890885431254718,-0.0017951604716702613,0.05770008928262682,-0.9983321056496073,40.99975943565369,drone1
1753918694.6404252,-0.0017923988634720445,-0.0012706995476037264,0.03325328230857849,-0.0006728285853149974,-0.0017895287636741201,0.05773380676143547,-0.9983301668945759,41.199774742126465,drone1
1753918694.8404303,-0.0025017126463353634,0.00015994060959201306,0.0313425213098526,-0.0006418183006605355,-0.0017919287468153998,0.05776061215708839,-0.9983286496080295,41.39977979660034,drone1
1753918695.0403993,-0.003432172117754817,0.0035401382483541965,0.029609933495521545,-0.0006034233860067779,-0.0017858728949970858,0.057805709284995066,-0.9983261207971188,41.599748849868774,drone1
1753918695.2404332,-0.0053335451520979404,0.005300413817167282,0.028109580278396606,-0.0006045568645821114,-0.001772358450399423,0.05782792067416026,-0.998324814244815,41.79978275299072,drone1
1753918695.4404168,-0.00680422130972147,0.0027777100913226604,0.027247518301010132,-0.0006635892881860632,-0.0017914799487332093,0.05780006160729462,-0.99832637367821,41.99976634979248,drone1
1753918695.6404102,-0.006013504229485989,-0.0011993811931461096,0.0281360000371933,-0.000704889166141628,-0.0018362217095597457,0.057772455421519986,-0.9983278488179077,42.19975972175598,drone1
1753918695.8404138,-0.003700782312080264,-0.004488660488277674,0.030406206846237183,-0.0007220814583392789,-0.0018698293760717548,0.05776204514993777,-0.9983283967269383,42.399763345718384,drone1
1753918696.0404203,-0.0007466189563274384,-0.006678444799035788,0.03313224017620087,-0.0007560860625534747,-0.0019076541969767584,0.057753152164901955,-0.998328860342272,42.599769830703735,drone1
1753918696.2404394,0.002066368004307151,-0.008371991105377674,0.03571923077106476,-0.0007908784506353448,-0.0019289651911634602,0.057781854168737934,-0.9983270480277859,42.79978895187378,drone1
1753918696.440425,0.005364280194044113,-0.01099331583827734,0.03692936897277832,-0.0008085032419386132,-0.0019515567251459343,0.05777827168661448,-0.9983272587620285,42.99977445602417,drone1
1753918696.6404753,0.009532391093671322,-0.013876637443900108,0.038272783160209656,-0.0008243676202949487,-0.0019947945761113967,0.057778777448796614,-0.9983270901746345,43.199824810028076,drone1
1753918696.8404267,0.012157299555838108,-0.016982262954115868,0.0387832373380661,-0.0008449496468703454,-0.001995295193414559,0.05776819858982035,-0.9983277223773622,43.399776220321655,drone1
1753918697.0404043,0.013023113831877708,-0.01993129588663578,0.03836359083652496,-0.0008818136101791703,-0.0019639834188525367,0.05776507972303058,-0.9983278909647562,43.599753856658936,drone1
1753918697.2404408,0.012180677615106106,-0.02287607081234455,0.03944477438926697,-0.0008990122408677102,-0.0019067107084919776,0.057756903234419454,-0.9983284810206354,43.799790382385254,drone1
1753918697.4404073,0.010440824553370476,-0.025648288428783417,0.041441529989242554,-0.000878453263350093,-0.001874224090527714,0.05775197205314364,-0.998328860342272,43.999756813049316,drone1
1753918697.6403875,0.006959279999136925,-0.026280608028173447,0.04267814755439758,-0.0008633884403445122,-0.0018067958418324587,0.05777974682631232,-0.9983273852025741,44.19973707199097,drone1
1753918697.8403919,0.004127034917473793,-0.02444588951766491,0.04568290710449219,-0.0008066356097139742,-0.0017877362055233911,0.05777692298746212,-0.9983275959368166,44.399741411209106,drone1
1753918698.0404081,8.105780580081046e-05,-0.0214668158441782,0.0507676899433136,-0.0007752625905127091,-0.0017557621821405283,0.05776533260412159,-0.9983283967269384,44.5997576713562,drone1
1753918698.240395,-0.005835903808474541,-0.016315100714564323,0.05621740221977234,-0.0007533367627097421,-0.001705605374460977,0.05777350909273277,-0.9983279752584533,44.799744606018066,drone1
1753918698.4403968,-0.01082957349717617,-0.00977169256657362,0.060202330350875854,-0.0007284910720354748,-0.0016300306009297215,0.05777751304334133,-0.9983279331116048,44.999746322631836,drone1
1753918698.6404107,-0.014353391714394093,-0.003003777703270316,0.06203809380531311,-0.0006911135674875187,-0.0016196283965177534,0.05777827168661448,-0.9983279331116047,45.19976019859314,drone1
1753918698.8403964,-0.014832800254225731,0.001968586351722479,0.0627250075340271,-0.0007011674841728273,-0.0016441261698966472,0.057774014854914846,-0.9983281438458473,45.39974594116211,drone1
1753918699.0403585,-0.012728247791528702,0.004642404615879059,0.0625760555267334,-0.0007114052170939266,-0.0017132012326112084,0.057760317129148864,-0.998328776048575,45.59970808029175,drone1
1753918699.2403522,-0.008613849990069866,0.00520319864153862,0.062389910221099854,-0.0007245196370620215,-0.0017529983943176202,0.0577461557880492,-0.9983295346918482,45.79970169067383,drone1
1753918699.4403603,-0.004493135958909988,0.005490556824952364,0.062183111906051636,-0.0007231459955364329,-0.001804397381575354,0.05775943204533013,-0.9983286496080295,45.99970984458923,drone1
1753918699.6403475,-0.000490963167976588,0.0056824954226613045,0.06251907348632812,-0.000704376736196354,-0.001842027520260185,0.057774984232430604,-0.9983276802305137,46.19969701766968,drone1
1753918699.8403692,0.0019121627556160092,0.005306223873049021,0.06304535269737244,-0.0007004128744847425,-0.0018646196304691037,0.05777414129546038,-0.9983276802305137,46.39971876144409,drone1
1753918700.040346,0.0049240379594266415,0.005274165887385607,0.06444969773292542,-0.0007100917089137232,-0.0018548311483795436,0.05779040997898566,-0.9983267529998465,46.599695444107056,drone1
1753918700.2403507,0.009697302244603634,0.006453635636717081,0.06535270810127258,-0.0007002449044761752,-0.0019160814675683179,0.05782834214264543,-0.9983244770700268,46.79970026016235,drone1
1753918700.4403465,0.012728157453238964,0.006869478151202202,0.06607893109321594,-0.000660615836255426,-0.0019218012558924018,0.057811314815847004,-0.9983254885943912,46.999696016311646,drone1
1753918700.6403558,0.01290452666580677,0.005806468427181244,0.0682099461555481,-0.0006971163241548762,-0.0019021537451328644,0.05778421439225456,-0.998327048027786,47.199705362319946,drone1
1753918700.8403437,0.012498663738369942,0.005164098925888538,0.0690661072731018,-0.0007072225539695379,-0.0018493297087188879,0.05775618673799482,-0.9983287760485751,47.39969325065613,drone1
1753918701.0403452,0.012577629648149014,0.004847791977226734,0.0678015649318695,-0.000700446583731745,-0.0018201004165272336,0.0577702637853974,-0.9983280174053019,47.59969472885132,drone1
1753918701.240351,0.011470263823866844,0.004843485541641712,0.06583431363105774,-0.0006951778572365973,-0.0018174302243425225,0.057790030657349,-0.9983268794403919,47.79970049858093,drone1
1753918701.440347,0.009084711782634258,0.004895743913948536,0.06347116827964783,-0.0006911151315307251,-0.001792680146099008,0.057784298685951585,-0.9983273009088771,47.999696493148804,drone1
1753918701.640361,0.0067947739735245705,0.004580212756991386,0.06159549951553345,-0.000704079567987127,-0.0017698925304892817,0.057778693155099536,-0.9983275959368167,48.19971060752869,drone1
1753918701.8403327,0.006402504630386829,0.0037487808149307966,0.05809381604194641,-0.000704848212905038,-0.0017660160494020734,0.05778657461577119,-0.9983272166151801,48.39968228340149,drone1
1753918702.0403316,0.005896232556551695,0.00048227410297840834,0.05413731932640076,-0.0007454315532768856,-0.001780552884348379,0.05780452917323675,-0.9983261207971188,48.59968113899231,drone1
1753918702.240354,0.004513466265052557,-0.0037451512180268764,0.05178108811378479,-0.0007704794171151037,-0.0017578459815999125,0.0577777659244324,-0.9983276802305137,48.79970359802246,drone1
1753918702.4403367,0.0026469931472092867,-0.008009238168597221,0.051738440990448,-0.0007925556400200814,-0.0017542040658346412,0.05776183441569521,-0.9983286074611809,48.9996862411499,drone1
1753918702.6403363,-0.0016340173315256834,-0.010555459186434746,0.05163493752479553,-0.0008221034207994088,-0.0017293286583394513,0.05776356243648412,-0.9983284810206354,49.19968581199646,drone1
1753918702.8403509,-0.006357054691761732,-0.012457981705665588,0.050272852182388306,-0.0008033702167711419,-0.0016946191645475235,0.05774206754374367,-0.9983298297197878,49.3997004032135,drone1
1753918703.0403473,-0.008694800548255444,-0.015425181947648525,0.04892534017562866,-0.0008179968607247239,-0.0016902486927612645,0.05772685253143123,-0.9983306305099094,49.59969687461853,drone1
1753918703.2403245,-0.009379438124597073,-0.01966926082968712,0.04806184768676758,-0.0008450152955259848,-0.0017076739450786142,0.057734059642526536,-0.9983302511882728,49.79967403411865,drone1
1753918703.4403267,-0.00951334647834301,-0.023052388802170753,0.04739797115325928,-0.0008675904893728546,-0.0017112418157457694,0.05773945443913592,-0.9983298297197878,49.99967622756958,drone1
1753918703.6403482,-0.008753921836614609,-0.023010438308119774,0.04799273610115051,-0.0008170851058534217,-0.0017426019933291287,0.05774952753592999,-0.9983292818107572,50.199697732925415,drone1
1753918703.840329,-0.008959461934864521,-0.020261337980628014,0.048285722732543945,-0.0007477525933952708,-0.0017569740275123118,0.05776925226103313,-0.9983281859926958,50.399678468704224,drone1
1753918704.0403252,-0.011570869013667107,-0.016863029450178146,0.04756784439086914,-0.0007131847278315911,-0.0017274689698079397,0.05779129506280434,-0.998326963734089,50.599674701690674,drone1
1753918704.2403228,-0.014230393804609776,-0.013949204236268997,0.04784855246543884,-0.0007029978674737335,-0.0016950425675071247,0.057804444879539785,-0.9983262893845128,50.7996723651886,drone1
1753918704.4403188,-0.012875786982476711,-0.011588594876229763,0.048522502183914185,-0.0006935243754541481,-0.0017384933341438244,0.0577947511043822,-0.998326795146695,50.99966835975647,drone1
1753918704.6402893,-0.009989333339035511,-0.009644449688494205,0.049395859241485596,-0.000675054136479725,-0.00178861305753577,0.05782003921348877,-0.9983251935664514,51.19963884353638,drone1
1753918704.8403385,-0.006252747494727373,-0.008758154697716236,0.050904929637908936,-0.000696965393985453,-0.0018234632328982155,0.0578301123102829,-0.9983245613637239,51.39968800544739,drone1
1753918705.0403163,-0.002597769722342491,-0.008986414410173893,0.053642600774765015,-0.0007246817624880805,-0.0018064737312499918,0.05782454892627947,-0.998324898538512,51.59966588020325,drone1
1753918705.240319,0.000620352802798152,-0.009109391830861568,0.054982274770736694,-0.0007376476395105935,-0.0018266716617411074,0.057829943722888855,-0.9983245613637239,51.79966855049133,drone1
1753918705.4403152,0.0024630557745695114,-0.007774007506668568,0.05436497926712036,-0.0007476580510993435,-0.001855013400572128,0.057845285175746775,-0.9983235498393597,51.99966478347778,drone1
1753918705.640314,0.004694700241088867,-0.006098124664276838,0.051433831453323364,-0.000713340473607729,-0.0018540869930855231,0.057832725414890596,-0.9983243084826328,52.1996636390686,drone1
1753918705.8403156,0.00670845340937376,-0.004369998816400766,0.04684650897979736,-0.000684085086589946,-0.0018777342150733253,0.05784461082617065,-0.9983236341330566,52.399665117263794,drone1
1753918706.04036,0.007762786466628313,-0.003541565965861082,0.04024803638458252,-0.0006708334012509686,-0.0018919891929702146,0.057857381321269385,-0.998322833342935,52.59970951080322,drone1
1753918706.2404447,0.007665830198675394,-0.001352380495518446,0.03452424705028534,-0.0006507455711697811,-0.001889244626415133,0.057854768216661745,-0.998323001930329,52.79979419708252,drone1
1753918706.4404223,0.005901699420064688,0.0010757267009466887,0.0306759774684906,-0.0006152254090885266,-0.0018578194587206423,0.05781262136815085,-0.9983255307412398,52.9997718334198,drone1
1753918706.6403837,0.0029085741844028234,0.002161870477721095,0.026047497987747192,-0.0006011017285029167,-0.0018190847351007655,0.05779251732141122,-0.9983268372935434,53.1997332572937,drone1
1753918706.8403733,-0.0008280064212158322,0.0001516620977781713,0.022044867277145386,-0.0006315381327777031,-0.0017809316709175643,0.057798965789233325,-0.9983264579719069,53.39972281455994,drone1
1753918707.040373,-0.005341761279851198,-0.0037106862291693687,0.02144530415534973,-0.0006844717756932271,-0.0017548999004253884,0.05777679654691659,-0.9983277223773621,53.59972262382507,drone1
1753918707.2403886,-0.008172743022441864,-0.008743380196392536,0.02408301830291748,-0.0007397184327159451,-0.0017370427663878972,0.057763604583332684,-0.9983285231674839,53.79973816871643,drone1
1753918707.4403794,-0.008367564529180527,-0.013000843115150928,0.025675222277641296,-0.0007853445364986388,-0.0017743713740061358,0.05778379292376945,-0.9983273009088771,53.99972891807556,drone1
1753918707.640393,-0.008170698769390583,-0.015331171452999115,0.02652713656425476,-0.0007888286896952166,-0.0017875470797725046,0.05778349789582987,-0.9983272587620287,54.199742555618286,drone1
1753918707.8403816,-0.007530666887760162,-0.015092406421899796,0.027343735098838806,-0.0007657938317817748,-0.0017983628089764541,0.05777182321879232,-0.9983279752584533,54.399731159210205,drone1
1753918708.040372,-0.0048549543134868145,-0.013408071361482143,0.027528390288352966,-0.0007196492888351718,-0.0018137161156355633,0.057770516666488525,-0.9983280174053017,54.59972143173218,drone1
1753918708.2404137,-0.0026986575685441494,-0.011145239695906639,0.029288172721862793,-0.0006757730201282516,-0.0018250336145955639,0.057774309882854424,-0.9983278488179077,54.799763202667236,drone1
1753918708.44035,-0.0014443537220358849,-0.009784259833395481,0.03164893388748169,-0.0006499144468416752,-0.0018363036160329261,0.0577747734981881,-0.9983278066710592,54.99969959259033,drone1
1753918708.6403565,0.0009485618793405592,-0.010699714533984661,0.031861811876297,-0.000679905921983256,-0.0018479924106183337,0.05777296118370212,-0.9983278488179077,55.199706077575684,drone1
1753918708.840359,0.003122819121927023,-0.01377756055444479,0.029822319746017456,-0.000709739634556143,-0.0018824721546950387,0.0577981228522631,-0.9983262893845128,55.39970850944519,drone1
1753918709.0403707,0.003595197107642889,-0.017690032720565796,0.027230873703956604,-0.0007481306391018848,-0.0018684593153819287,0.057814770857424924,-0.998325320006997,55.59972023963928,drone1
1753918709.2403681,0.0030741451773792505,-0.022409506142139435,0.02521471679210663,-0.0007925314385094131,-0.0018607802748285326,0.05781198916542318,-0.9983254885943912,55.79971766471863,drone1
1753918709.440383,0.003273545764386654,-0.02540484257042408,0.02521684765815735,-0.0008022338159045542,-0.0018918753882474289,0.05783200891846585,-0.9983242663357843,55.99973249435425,drone1
1753918709.6403666,0.004096889402717352,-0.025499632582068443,0.026061460375785828,-0.0007812447265051607,-0.001892106002302318,0.057841365518835286,-0.9983236762799051,56.199716091156006,drone1
1753918709.8403509,0.004642981570214033,-0.023495560511946678,0.02751965820789337,-0.0007480971768090729,-0.001918313645337157,0.05782404316409734,-0.998324729951118,56.3997004032135,drone1
1753918710.0403497,0.0028203167021274567,-0.01944722980260849,0.029069215059280396,-0.0007242494691776216,-0.0018980252061352254,0.05779496183862476,-0.9983264158250584,56.59969925880432,drone1
1753918710.240377,0.00033253149013035,-0.015412302687764168,0.029675692319869995,-0.0006949498773597401,-0.0018697457820782727,0.057783919364314984,-0.9983271744683315,56.799726486206055,drone1
1753918710.4403646,-0.002468604827299714,-0.01337626576423645,0.029140636324882507,-0.0007044462126419462,-0.0018347380911013242,0.05777667010637111,-0.9983275959368167,56.99971413612366,drone1
1753918710.6403718,-0.004834697116166353,-0.011709763668477535,0.028742671012878418,-0.0007122470427702874,-0.0018051404255755173,0.057769378701578666,-0.9983280595521504,57.199721336364746,drone1
1753918710.840357,-0.005496655125170946,-0.011034706607460976,0.027879774570465088,-0.0007408697743110577,-0.0018061095561370771,0.057748642452111254,-0.9983293239576057,57.39970660209656,drone1
1753918711.040365,-0.004724143072962761,-0.012609332799911499,0.027240902185440063,-0.000746490780958944,-0.001815639353712095,0.05776200300308931,-0.9983285231674839,57.599714517593384,drone1
1753918711.240381,-0.001860142219811678,-0.013092744164168835,0.024601206183433533,-0.0007587829669497908,-0.0018564275014259254,0.05779129506280439,-0.998326710852998,57.7997305393219,drone1
1753918711.4403522,0.00012590771075338125,-0.012242545373737812,0.02045336365699768,-0.0007144811550136186,-0.0018729463083870688,0.05779285449619931,-0.9983266687061494,57.999701738357544,drone1
1753918711.6403475,0.00116763508412987,-0.013511834666132927,0.017599672079086304,-0.0007501738557559645,-0.001853941125477005,0.057796858446807764,-0.99832637367821,58.19969701766968,drone1
1753918711.8403509,0.002355744130909443,-0.015238117426633835,0.017852962017059326,-0.0008132895845816634,-0.0018526207437384997,0.05780503493541894,-0.9983258679160277,58.3997004032135,drone1
1753918712.040375,0.004290636628866196,-0.016564561054110527,0.018217623233795166,-0.0008300944468134615,-0.0018658417244397925,0.05782282090549057,-0.9983248563916636,58.599724531173706,drone1
1753918712.2403703,0.0069716074503958225,-0.01729973591864109,0.01907922327518463,-0.0008546731388487735,-0.0019159115219262266,0.05782644553446242,-0.9983244349231783,58.79971981048584,drone1
1753918712.440366,0.008570914156734943,-0.017376601696014404,0.02047160267829895,-0.0008316343708273156,-0.0019315291518872272,0.057838035917802955,-0.9983238027204506,58.99971556663513,drone1
1753918712.640368,0.0076994337141513824,-0.016173314303159714,0.022780656814575195,-0.0007943625626728908,-0.001911345585898192,0.057821219325247086,-0.9983248563916634,59.19971752166748,drone1
1753918712.8403454,0.0047419690527021885,-0.015024282969534397,0.0251997709274292,-0.0007879963305961582,-0.0018804409976372614,0.05783719298083273,-0.9983239713078447,59.39969491958618,drone1
1753918713.0403433,0.0036294041201472282,-0.015496605075895786,0.028398513793945312,-0.0007703597678098097,-0.0018762627796883016,0.05786012086642267,-0.9983227069023894,59.599692821502686,drone1
1753918713.2403488,0.003873238805681467,-0.016885124146938324,0.03216342628002167,-0.0007559587576682752,-0.0018800798271336647,0.05786568425042615,-0.9983223697276014,59.79969835281372,drone1
1753918713.4403727,0.002350165508687496,-0.01718112640082836,0.034393519163131714,-0.000750374752989931,-0.0018558725953598866,0.057851143587689835,-0.99832325481142,59.99972224235535,drone1
1753918713.6403391,0.0012533265398815274,-0.014770543202757835,0.034043148159980774,-0.0006974238644401043,-0.001823971835053537,0.05785577974102596,-0.998323086224026,60.19968867301941,drone1
1753918713.8403354,0.0010058211628347635,-0.01155728567391634,0.032596156001091,-0.0006591519741322441,-0.0018246322728769802,0.05786855023612475,-0.9983223697276014,60.39968490600586,drone1
1753918714.0403323,7.914767775218934e-05,-0.00832810252904892,0.031697168946266174,-0.0006536667099710655,-0.001821566336602003,0.05787504085079548,-0.9983219482591162,60.59968185424805,drone1
1753918714.2403305,-0.0020562896970659494,-0.006149423774331808,0.03239302337169647,-0.0006212215803108047,-0.0017786069676453537,0.057864588432364805,-0.9983227069023894,60.79967999458313,drone1
1753918714.4403293,-0.004231147933751345,-0.004167409148067236,0.03255520761013031,-0.0006341972120238421,-0.0017643871807206098,0.05785207081835714,-0.9983234233988141,60.99967885017395,drone1
1753918714.6403568,-0.004124045372009277,-0.002293697325512767,0.0326153039932251,-0.0006532346224557652,-0.001789280286599452,0.05782834214264537,-0.998324729951118,61.19970631599426,drone1
1753918714.840352,-0.0020218570716679096,0.0007286891923286021,0.032951414585113525,-0.0006466553512307004,-0.0018186926130052935,0.05786071092230183,-0.9983227911960864,61.3997015953064,drone1
1753918715.0403411,8.495202928315848e-05,0.006198409013450146,0.034130990505218506,-0.0006007268932007792,-0.0018308237437049068,0.057880772822193005,-0.9983216953780252,61.599690675735474,drone1
1753918715.240325,-1.5550329408142716e-05,0.012248558923602104,0.03550425171852112,-0.0005778042759669165,-0.0018175395838898791,0.05787546231928059,-0.9983220325528132,61.79967451095581,drone1
1753918715.4403203,-0.002007817616686225,0.018374748528003693,0.035899028182029724,-0.0005571169645883062,-0.0017779786338666746,0.05783715083398422,-0.9983243506294813,61.999669790267944,drone1
1753918715.6403167,-0.005897074472159147,0.02286268211901188,0.03531906008720398,-0.0005234154554839097,-0.001721558985598144,0.05775542809472162,-0.9983291975170601,62.199666261672974,drone1
1753918715.8403165,-0.008292321115732193,0.026164354756474495,0.033850252628326416,-0.0005397436549690237,-0.0016842077405124437,0.05771522000124224,-0.9983315577405767,62.39966607093811,drone1
1753918716.040314,-0.007966432720422745,0.027955953031778336,0.03212745487689972,-0.0005803899275004156,-0.0016929585622525818,0.05773123580367634,-0.9983305462162124,62.599663496017456,drone1
1753918716.2403266,-0.007020483259111643,0.02587743103504181,0.03107033669948578,-0.0006270153725739731,-0.0017321459117446013,0.057737304949861845,-0.9983301247477274,62.799676179885864,drone1
1753918716.4403238,-0.006720689591020346,0.022652704268693924,0.02932479977607727,-0.0006954708272245861,-0.0017486180032047097,0.05770620057566084,-0.9983318949153648,62.99967336654663,drone1
1753918716.640332,-0.006513415370136499,0.02082698419690132,0.02660401165485382,-0.0007152200419515752,-0.0017577767521085108,0.05768512715140539,-0.9983330750271231,63.199681520462036,drone1
1753918716.8403192,-0.004679112229496241,0.018205786123871803,0.021946430206298828,-0.0007533152776951692,-0.0017697886862521792,0.0576721459220641,-0.9983337493766993,63.39966869354248,drone1
1753918717.0403142,-0.00029746623476967216,0.012826886959373951,0.018157511949539185,-0.0008147797061671012,-0.0018232078411062136,0.05770910870820811,-0.9983314313000311,63.599663734436035,drone1
1753918717.240315,0.003542602062225342,0.0065253437496721745,0.016375884413719177,-0.0008492910603801896,-0.0018713900853966421,0.057723522930398785,-0.998330504069364,63.79966449737549,drone1
1753918717.4403126,0.003744235960766673,0.0011689402163028717,0.016292303800582886,-0.0008909254377867778,-0.0018628538256890113,0.0576875716686191,-0.998332569264941,63.99966216087341,drone1
1753918717.6403146,0.0005412452155724168,-0.0016415537102147937,0.0165519118309021,-0.0008768498721092822,-0.0018178742479770297,0.05767888941782584,-0.9983331593208201,64.19966411590576,drone1
1753918717.840382,-0.000796438951510936,-0.0020342485513538122,0.018255218863487244,-0.0008500969130628017,-0.0018133555625174428,0.05768799313710421,-0.998332653558638,64.39973163604736,drone1
1753918718.0403998,0.0007369936793111265,-0.002649392932653427,0.019699186086654663,-0.0008430930864252467,-0.0018818481837737252,0.05768841460558927,-0.9983324849712438,64.59974932670593,drone1
1753918718.2404037,0.004614043980836868,-0.005330586340278387,0.020359843969345093,-0.0008751281486521931,-0.001959096277740733,0.057662325706360984,-0.9983338758172449,64.79975318908691,drone1
1753918718.4403713,0.008346989750862122,-0.00851806066930294,0.019551798701286316,-0.0008872796530725221,-0.002006792310389112,0.05765718379084267,-0.9983340444046388,64.99972081184387,drone1
1753918718.6403985,0.00912868045270443,-0.012322547845542431,0.01720958948135376,-0.0009116927211640763,-0.0020191056109632455,0.057689173248862524,-0.998332147796456,65.1997480392456,drone1
1753918718.8403742,0.006200372241437435,-0.014733021147549152,0.014906704425811768,-0.0009379530889185859,-0.0019516276009986057,0.05774227827798617,-0.9983291975170601,65.39972376823425,drone1
1753918719.0403798,0.00107661506626755,-0.01641114056110382,0.01351688802242279,-0.000938366160961218,-0.0018837762786160035,0.05779491969177625,-0.9983262893845128,65.59972929954529,drone1
1753918719.2404058,-0.002987043699249625,-0.017914677038788795,0.011278316378593445,-0.0009606289577571137,-0.001847447300401851,0.05781822689900279,-0.9983249828322089,65.79975533485413,drone1
1753918719.4403934,-0.00642824312672019,-0.017655611038208008,0.009185820817947388,-0.0009124615307181146,-0.0018222803634847834,0.057806889396753436,-0.9983256993286337,65.99974298477173,drone1
1753918719.6403868,-0.006108121946454048,-0.016822315752506256,0.008579835295677185,-0.0008639141646570412,-0.0018450154190109659,0.05775943204533013,-0.9983284810206354,66.19973635673523,drone1
1753918719.8403666,-0.004147319123148918,-0.015171380713582039,0.009721636772155762,-0.0008346838434895932,-0.0019212193906605673,0.05769650680050337,-0.9983319792090618,66.39971613883972,drone1
1753918720.0403671,-0.0012919590808451176,-0.01184701919555664,0.013936355710029602,-0.0008099935281601781,-0.001950345497159627,0.05764437114889537,-0.998334971635306,66.5997166633606,drone1
1753918720.2403858,0.0005334774614311755,-0.009553246200084686,0.020830705761909485,-0.0007995084294582677,-0.001982033753385057,0.05763670042246638,-0.9983353931037913,66.79973530769348,drone1
1753918720.4403682,-1.821550540626049e-05,-0.008576544933021069,0.02709519863128662,-0.0008035900471597128,-0.0019447797670913793,0.05764845939320096,-0.9983347609010635,66.99971771240234,drone1
1753918720.64037,-0.0007983730174601078,-0.008908686228096485,0.030789896845817566,-0.0007878848307791505,-0.001897133001804004,0.057654107070901406,-0.9983345080199725,67.19971942901611,drone1
1753918720.840369,0.0004218587127979845,-0.00937490165233612,0.031254321336746216,-0.0007664457908446778,-0.0018753201555431877,0.05765785814041885,-0.9983343815794269,67.39971852302551,drone1
1753918721.0403738,0.0040848879143595695,-0.010378790087997913,0.03077806532382965,-0.0007791217436475513,-0.0019050114990252554,0.05764487691107745,-0.9983350559290032,67.59972333908081,drone1
1753918721.2403736,0.007175350561738014,-0.012771377339959145,0.028529182076454163,-0.0008000537454699091,-0.0019439683579394811,0.05764365465247073,-0.9983350980758516,67.79972314834595,drone1
1753918721.4403665,0.010906985960900784,-0.015241308137774467,0.024653717875480652,-0.0008142671939037636,-0.0019652430498601804,0.05765688876290315,-0.9983342551388814,67.99971604347229,drone1
1753918721.6403532,0.01479777880012989,-0.016509316861629486,0.02047950029373169,-0.0008057820948725969,-0.002002021196587809,0.05765739452508528,-0.9983340865514874,68.19970273971558,drone1
1753918721.8403523,0.01936381310224533,-0.01491856761276722,0.0161907821893692,-0.000743039143397448,-0.0020163349495820352,0.05762055817948669,-0.99833627818761,68.39970183372498,drone1
1753918722.040354,0.022124910727143288,-0.011774159967899323,0.011930003762245178,-0.0006694635875153327,-0.00202489059519362,0.0575878522250422,-0.9983381326489444,68.59970355033875,drone1
1753918722.24036,0.02302219718694687,-0.009032489731907845,0.00827394425868988,-0.0006437302200033365,-0.001997734442272127,0.05757613540115619,-0.9983389755859147,68.79970955848694,drone1
1753918722.440366,0.02109465003013611,-0.005809082183986902,0.005321487784385681,-0.0006237266424601391,-0.001962345207070866,0.057556958585083806,-0.9983401135508244,68.99971556663513,drone1
1753918722.6403651,0.017958927899599075,-0.0016198880039155483,0.002767711877822876,-0.0005910700788537841,-0.0018920258245084714,0.05751974291784867,-0.9983424316274925,69.19971466064453,drone1
1753918722.8403707,0.014118142426013947,0.002145262435078621,0.0004944056272506714,-0.0005838486032563408,-0.001825989821221155,0.0574665957418764,-0.9983455926411309,69.39972019195557,drone1
1753918723.0403547,0.012310332618653774,0.004641110543161631,-0.0024684369564056396,-0.0005573112352181613,-0.001799574283916952,0.05743123453597582,-0.9983477421304049,69.59970426559448,drone1
1753918723.2403681,0.011292853392660618,0.004638678394258022,-0.00581793487071991,-0.0005407013021607258,-0.001801489454823261,0.05742849499082253,-0.9983478685709504,69.79971766471863,drone1
1753918723.4403467,0.011356144212186337,0.00229484960436821,-0.0074714720249176025,-0.0005537772384341355,-0.001819141040656198,0.05744303565355885,-0.9983469834871317,69.99969625473022,drone1
1753918723.6403568,0.013150130398571491,0.00037107194657437503,-0.007708340883255005,-0.0005403731412005916,-0.0018472132289882948,0.05747607878279137,-0.9983450447321001,70.19970631599426,drone1
1753918723.8403666,0.015315784141421318,-0.0019626091234385967,-0.006788909435272217,-0.0005465447322161835,-0.0018768424223324217,0.05753445216797892,-0.9983416308373707,70.39971613883972,drone1
1753918724.0403547,0.0156602431088686,-0.0054096439853310585,-0.0063409507274627686,-0.0005602559581446377,-0.0018733470327201764,0.05753858255913302,-0.9983413779562798,70.59970426559448,drone1
1753918724.2403512,0.0152167659252882,-0.007272136397659779,-0.006198316812515259,-0.0005919242522396694,-0.0018353030399711101,0.05754047916731603,-0.9983413358094312,70.79970073699951,drone1
1753918724.4403627,0.013725223019719124,-0.008104825392365456,-0.006106629967689514,-0.0006082206769522731,-0.0018314753323365237,0.05750688812905291,-0.9983433167113113,70.99971222877502,drone1
1753918724.6403496,0.010670713149011135,-0.008448355831205845,-0.0039495378732681274,-0.0006092769411840457,-0.0017996261854559873,0.05747536228636674,-0.9983451711726457,71.19969916343689,drone1
1753918724.8403382,0.008139052428305149,-0.00790634285658598,-0.0017634183168411255,-0.0006222753338416405,-0.0017778307906246324,0.05746141167950958,-0.9983459719627674,71.39968776702881,drone1
1753918725.0403433,0.007511774078011513,-0.008864747360348701,-0.001317337155342102,-0.0006399638804850881,-0.0017818921580824573,0.05748054634873351,-0.9983448761447062,71.59969282150269,drone1
1753918725.2403617,0.007789186201989651,-0.012017250061035156,-0.0017106086015701294,-0.0006575623300080372,-0.0017841221544226136,0.057509964848994066,-0.9983431059770687,71.79971122741699,drone1
1753918725.4403875,0.006747261621057987,-0.01513116154819727,-0.0023598670959472656,-0.000689351919769633,-0.0017924914319384388,0.05750376926226303,-0.9983434852987052,71.99973702430725,drone1
1753918725.6403356,0.004962756298482418,-0.01700710318982601,-0.0034459829330444336,-0.0006701686828882235,-0.001758773953129724,0.057433552612643934,-0.9983476156898594,72.19968509674072,drone1
1753918725.840338,0.005149655044078827,-0.016038617119193077,-0.005582571029663086,-0.0006209917071184869,-0.0017849922563537859,0.057484213124553984,-0.9983446654104635,72.39968752861023,drone1
1753918726.0403247,0.008779322728514671,-0.013793694786727428,-0.009946435689926147,-0.0005866497634800771,-0.0018604148649446657,0.05756134185732892,-0.9983401135508244,72.59967422485352,drone1
1753918726.2403367,0.01248637679964304,-0.01073558907955885,-0.0153685063123703,-0.0005450399991744746,-0.0019423673950815434,0.057634930254828964,-0.9983357302785792,72.79968619346619,drone1
1753918726.4403296,0.013270498253405094,-0.007939287461340427,-0.020848244428634644,-0.0005334160300640718,-0.001940242107318156,0.057631853534887645,-0.9983359410128219,72.99967908859253,drone1
1753918726.6403322,0.013014581985771656,-0.006221096031367779,-0.02560301125049591,-0.0005261505554616888,-0.0018946840805739752,0.057601929272444896,-0.9983377111804592,73.19968175888062,drone1
1753918726.8403308,0.012533621862530708,-0.002052761148661375,-0.029399648308753967,-0.0004917492193404654,-0.0018636300438687643,0.05760129706971723,-0.9983378376210048,73.39968037605286,drone1
1753918727.04034,0.013286624103784561,0.004862147383391857,-0.03227095305919647,-0.00041948890031788674,-0.0018787068029935525,0.05761958880197093,-0.9983367418029436,73.59968948364258,drone1
1753918727.240325,0.014207310043275356,0.012809163890779018,-0.03372623026371002,-0.00037201162792325354,-0.001899038376860757,0.057625952976096184,-0.998336362481307,73.79967451095581,drone1
1753918727.440332,0.016110790893435478,0.020268939435482025,-0.032092928886413574,-0.00032856826991226854,-0.0019128933301280782,0.05766923778951677,-0.9983338758172448,73.99968147277832,drone1
1753918727.6403277,0.01863871142268181,0.024333607405424118,-0.028749361634254456,-0.00032920532940567825,-0.0019218548861107709,0.05770089007274848,-0.9983320635027588,74.19967722892761,drone1
1753918727.840332,0.02149341255426407,0.027562541887164116,-0.02502983808517456,-0.0003404061836697024,-0.0019640843819574167,0.057741224606773445,-0.9983296611323937,74.39968156814575,drone1
1753918728.0403247,0.022335175424814224,0.032240647822618484,-0.020361095666885376,-0.00031375916797094373,-0.0019614939971352666,0.05770872938657151,-0.9983314734468797,74.59967422485352,drone1
1753918728.24033,0.020063349977135658,0.036340463906526566,-0.016144350171089172,-0.00032219331212080535,-0.0019303226160305395,0.057599484755231245,-0.9983378797678534,74.79967951774597,drone1
1753918728.440344,0.017194995656609535,0.04128645360469818,-0.013661190867424011,-0.0003348440344372168,-0.0018797882977117872,0.05748539323631224,-0.9983445811167666,74.99969363212585,drone1
1753918728.6403463,0.013931824825704098,0.04486812278628349,-0.011995330452919006,-0.00035719585821878536,-0.0018447614677850753,0.057412268454145876,-0.9983488379484662,75.19969582557678,drone1
1753918728.8403232,0.010343353264033794,0.04417908936738968,-0.010308772325515747,-0.0004395825338225507,-0.0017964516716552567,0.057379141031216274,-0.9983507767034977,75.39967274665833,drone1
1753918729.0403192,0.00612462405115366,0.04034974426031113,-0.006206482648849487,-0.0005316497725346303,-0.001772336677271628,0.05732641532372923,-0.998353853423439,75.5996687412262,drone1
1753918729.2403128,0.003413502825424075,0.036300867795944214,-0.001532137393951416,-0.0006018309842274438,-0.0017784083341581334,0.05732435012815218,-0.9983538955702875,75.79966235160828,drone1
1753918729.4403174,0.0011618121061474085,0.035241615027189255,0.0025202035903930664,-0.0006338471132997859,-0.0017919786315618792,0.057331304358156476,-0.9983534319549539,75.999666929245,drone1
1753918729.6403153,-0.0012537523871287704,0.034986402839422226,0.004534140229225159,-0.0006193236138797665,-0.001811351982010937,0.05728903106910005,-0.9983558343253189,76.1996648311615,drone1
1753918729.8403141,-0.0038568133022636175,0.03678686171770096,0.005573093891143799,-0.0006241630105147412,-0.0018042562472554869,0.05726171991126494,-0.9983574359055625,76.39966368675232,drone1
1753918730.0404704,-0.005887934472411871,0.03840409591794014,0.004762336611747742,-0.0006232301822191835,-0.001794076301614963,0.057258727485020644,-0.998357562346108,76.59981989860535,drone1
1753918730.2404695,-0.0076876915991306305,0.038446880877017975,0.0031021982431411743,-0.0006439660612552579,-0.0017868898111945064,0.05725843245708112,-0.9983576044929564,76.79981899261475,drone1
1753918730.4404325,-0.008204611018300056,0.0365152545273304,0.00229644775390625,-0.0007064178948988464,-0.0017997749753557598,0.05724730568907427,-0.9983581945488356,76.9997820854187,drone1
1753918730.6404524,-0.0076329573057591915,0.03487349674105644,0.003391563892364502,-0.0007238571824460227,-0.001807586918422673,0.057246673486346544,-0.9983582366956841,77.19980192184448,drone1
1753918730.8403926,-0.006884727627038956,0.03406118229031563,0.004814416170120239,-0.0007513139609354097,-0.0018077322098047468,0.05724886512246913,-0.99835806810829,77.39974212646484,drone1
1753918731.0403984,-0.00794158410280943,0.03455948829650879,0.004833728075027466,-0.0007411112131912968,-0.0018016338407066362,0.05727031786836123,-0.9983568458496832,77.59974789619446,drone1
1753918731.2404296,-0.009365770034492016,0.034273769706487656,0.0034685134887695312,-0.0007440786147442669,-0.0017597690138812857,0.05727996949667025,-0.9983563822343496,77.79977917671204,drone1
1753918731.4404128,-0.009167582727968693,0.03376087173819542,0.0018882006406784058,-0.0007459289190165397,-0.0017614122882238614,0.05726184635181053,-0.9983573937587138,77.99976229667664,drone1
1753918731.6404514,-0.007361730560660362,0.035218656063079834,0.001010611653327942,-0.0007009129567204919,-0.0018085049706258326,0.05727752497945654,-0.9983563822343497,78.19980096817017,drone1
1753918731.8404279,-0.0020726853981614113,0.03595907613635063,0.000545009970664978,-0.000690578253120592,-0.0018646368349443747,0.05724684207374059,-0.9983580681082901,78.39977741241455,drone1
1753918732.0403996,0.003951458726078272,0.03428381681442261,0.0001614987850189209,-0.0006875722855548732,-0.0019250706824203456,0.05720490595947231,-0.9983603861849581,78.59974908828735,drone1
1753918732.2404637,0.009458189830183983,0.032478779554367065,-0.00012643635272979736,-0.0007025810499592122,-0.0019621086661154048,0.05718631919927902,-0.998361355562474,78.79981327056885,drone1
1753918732.4404037,0.016409825533628464,0.033262740820646286,0.0010071396827697754,-0.000690682056198663,-0.0019939352166875113,0.05714467811295021,-0.9983637157859905,78.99975323677063,drone1
1753918732.6403866,0.022261830046772957,0.034685224294662476,0.003010094165802002,-0.0006353521344547168,-0.002046881536584814,0.05712760863930333,-0.9983646008698093,79.19973611831665,drone1
1753918732.8404229,0.024409428238868713,0.034716010093688965,0.004695594310760498,-0.000644341596260935,-0.00201231239509115,0.05716849108235883,-0.9983623249399897,79.39977240562439,drone1
1753918733.0404258,0.024654779583215714,0.03292355686426163,0.003414630889892578,-0.0006690727413498451,-0.0019704497085354508,0.057203051498137814,-0.9983603861849581,79.59977531433105,drone1
1753918733.2404559,0.02334720268845558,0.02916656993329525,-0.0008181631565093994,-0.0007192199589749988,-0.0019323550078592694,0.05726985425302761,-0.9983566351154407,79.79980540275574,drone1
1753918733.4404147,0.02165204845368862,0.02646772749722004,-0.005155712366104126,-0.0007290702619302457,-0.0019078180099231191,0.05730121150831968,-0.9983548649478031,79.99976420402527,drone1
1753918733.6403844,0.019663264974951744,0.025556407868862152,-0.008527681231498718,-0.0007429221694292175,-0.001900518620278575,0.05730534189947378,-0.9983546120667122,80.19973397254944,drone1
1753918733.8404062,0.01572064869105816,0.026050524786114693,-0.010441601276397705,-0.0007064659274888975,-0.0018705380934394395,0.05730917726268825,-0.9983544856261666,80.39975571632385,drone1
1753918734.0404003,0.010005656629800797,0.02548198215663433,-0.013290494680404663,-0.000683387070570516,-0.0018519663151336917,0.05731617363954106,-0.9983541484513785,80.59974980354309,drone1
1753918734.2403972,0.003542655613273382,0.024324949830770493,-0.015606328845024109,-0.0006958272644395318,-0.0018148565500872625,0.057365190424359225,-0.9983514089062253,80.79974675178528,drone1
1753918734.4403954,-0.0020049752201884985,0.022039489820599556,-0.01552550494670868,-0.0006941188353496978,-0.0017933502974539438,0.05739254372904279,-0.9983498494728305,80.99974489212036,drone1
1753918734.640381,-0.007503049448132515,0.019173886626958847,-0.01423269510269165,-0.0007068357825481932,-0.0017516112937886498,0.05740733727287012,-0.9983491329764057,81.19973063468933,drone1
1753918734.8403528,-0.013885237276554108,0.01626737043261528,-0.013669833540916443,-0.0007273283705475995,-0.0016892114028431281,0.057417241782270145,-0.998348585067375,81.39970231056213,drone1
1753918735.0403473,-0.02042856439948082,0.015140512026846409,-0.012070417404174805,-0.0007393729026444128,-0.0016288580212742263,0.05745331948459548,-0.9983466463123436,81.59969687461853,drone1
1753918735.2403874,-0.02555478923022747,0.012740006670355797,-0.00790548324584961,-0.0007462120519959405,-0.0016198591752087698,0.05746925099333261,-0.9983457190816764,81.79973697662354,drone1
1753918735.4403512,-0.027548830956220627,0.009965796954929829,-0.004652395844459534,-0.0007693643777859938,-0.001648586821121468,0.05742626120785155,-0.99834816359889,81.99970078468323,drone1
1753918735.640359,-0.028463028371334076,0.009466574527323246,-0.002006217837333679,-0.000742211641064136,-0.00171882236273619,0.057404513434019866,-0.9983492594169512,82.19970846176147,drone1
1753918735.8403542,-0.03137211501598358,0.00931475404649973,0.0013959109783172607,-0.0007307799257910321,-0.0017193826606353882,0.0574157244957238,-0.9983486693610721,82.39970374107361,drone1
1753918736.0403457,-0.03321877121925354,0.00893259234726429,0.003918394446372986,-0.0007276282140938904,-0.0017237673322876006,0.057426724823185116,-0.9983479528646475,82.59969520568848,drone1
1753918736.240378,-0.03512820228934288,0.010940206237137318,0.004961535334587097,-0.0006639162966933086,-0.0017305956568137782,0.05744956841507798,-0.998346688459192,82.79972743988037,drone1
1753918736.4403474,-0.036410532891750336,0.015092117711901665,0.006110653281211853,-0.0006128157535747862,-0.0017124961783973494,0.057471864097940306,-0.9983454662005853,82.99969696998596,drone1
1753918736.6403704,-0.036020707339048386,0.020070677623152733,0.007960930466651917,-0.0005910376866957977,-0.001719977902552541,0.05749732079444081,-0.998344033207736,83.19971990585327,drone1
1753918736.8403487,-0.034585971385240555,0.024152053520083427,0.01085275411605835,-0.0005930740709506071,-0.0017606054888835191,0.05749786870347151,-0.9983439067671904,83.39969825744629,drone1
1753918737.0403452,-0.03374573960900307,0.025985466316342354,0.01407700777053833,-0.0005808604987104009,-0.0017915240300562124,0.057484887474130164,-0.9983446654104635,83.59969472885132,drone1
1753918737.2403553,-0.031109284609556198,0.02297455072402954,0.017339318990707397,-0.0006310407670380491,-0.0018183361757903478,0.05747283347545601,-0.9983452554663427,83.79970479011536,drone1
1753918737.440361,-0.025830015540122986,0.018717234954237938,0.020209819078445435,-0.0006625107980771464,-0.0019056850254207947,0.05749378045916603,-0.998343864620342,83.99971055984497,drone1
1753918737.6403415,-0.01986073888838291,0.017578333616256714,0.021831810474395752,-0.0006424774625539946,-0.0019505573426960388,0.05751620258257378,-0.9983425159211896,84.1996910572052,drone1
1753918737.8403454,-0.01449294202029705,0.018584830686450005,0.020548507571220398,-0.0006203037750618356,-0.0019901035989449093,0.05750368496856606,-0.9983431481239172,84.39969491958618,drone1
1753918738.0403664,-0.010551543906331062,0.018877023831009865,0.019507288932800293,-0.0006040575232089335,-0.0019934208111087133,0.057512156485116706,-0.9983426845085835,84.59971594810486,drone1
1753918738.2403493,-0.007913465611636639,0.020412808284163475,0.017989754676818848,-0.0005954536392121392,-0.0020133407946584282,0.05748084137667303,-0.9983444125293726,84.79969882965088,drone1
1753918738.4403582,-0.004938986152410507,0.021860161796212196,0.01638185977935791,-0.0005780087128776136,-0.0019986359073854917,0.0574582928127198,-0.9983458033753734,84.99970769882202,drone1
1753918738.6403394,-0.003841293277218938,0.024433646351099014,0.016086682677268982,-0.0005476827382850094,-0.0019740405871013535,0.05741176269196374,-0.9983485007736781,85.19968891143799,drone1
1753918738.840339,-0.0027757741045206785,0.028245916590094566,0.017965689301490784,-0.0005079760441303818,-0.001973543797588144,0.05736628624242052,-0.9983511560251342,85.39968848228455,drone1
1753918739.0403488,-0.002965024672448635,0.03084149956703186,0.020282655954360962,-0.0004818342967053726,-0.0019551093258123103,0.05734234683246631,-0.9983525890179836,85.59969830513,drone1
1753918739.240355,-0.004098407458513975,0.03034362569451332,0.02167913317680359,-0.000532756003830946,-0.0019342539621070693,0.05737307188503077,-0.9983508609971947,85.79970455169678,drone1
1753918739.4403377,-0.005085035227239132,0.028676018118858337,0.02161295711994171,-0.0006040511435590125,-0.0019175952967560432,0.05738592667382658,-0.998350060207073,85.99968719482422,drone1
1753918739.6403484,-0.005337010603398085,0.026407748460769653,0.020231768488883972,-0.0006747875494310874,-0.0019058412651053137,0.05741555590832975,-0.998348332186284,86.199697971344,drone1
1753918739.840334,-0.004288983531296253,0.023369550704956055,0.018662840127944946,-0.0007144122136354393,-0.0019305226489248393,0.05746069518308489,-0.9983456769348278,86.39968347549438,drone1
1753918740.0403254,-0.0033870080951601267,0.021153194829821587,0.01913738250732422,-0.00072535788190262,-0.0019289844535903184,0.05752501127391246,-0.9983419680121589,86.59967494010925,drone1
1753918740.2403328,-0.0027057230472564697,0.02253740094602108,0.020472288131713867,-0.0007206943578103085,-0.0019221627968272845,0.05750650880741631,-0.9983430216833717,86.79968237876892,drone1
1753918740.4403205,-0.0017269349191337824,0.024776792153716087,0.021188944578170776,-0.0006830403468870632,-0.0019189612003836628,0.05746950387442362,-0.9983452133194943,86.99967002868652,drone1
1753918740.6403139,-0.0006785411387681961,0.02557428367435932,0.02361220121383667,-0.0006581766697159217,-0.0018874984133341534,0.057444637233802276,-0.9983467306060406,87.19966340065002,drone1
1753918740.8403177,0.00156840228009969,0.02562459371984005,0.026830002665519714,-0.0006858021590764474,-0.0018827214549503421,0.057452181519685674,-0.998346266990707,87.399667263031,drone1
1753918741.0403237,0.0024517886340618134,0.02531413920223713,0.029613986611366272,-0.0006957975476186092,-0.001859282703458348,0.057459051455993004,-0.9983458876690704,87.5996732711792,drone1
1753918741.2403133,0.005017291288822889,0.02525709755718708,0.032658547163009644,-0.0006931207699888181,-0.0018663536193176539,0.05746356116878365,-0.9983456769348278,87.79966282844543,drone1
1753918741.4403174,0.008175211027264595,0.025253169238567352,0.03602331876754761,-0.0007160059325037892,-0.00188530661257546,0.057474182174608424,-0.9983450025852516,87.999666929245,drone1
1753918741.6403177,0.012242716737091541,0.026192978024482727,0.03990146517753601,-0.000694425182023005,-0.0019139681982422016,0.05748573041110039,-0.9983443282356754,88.19966721534729,drone1
1753918741.8403172,0.016591979190707207,0.02633650228381157,0.04277223348617554,-0.0006882265906825858,-0.0019138526648400823,0.05749723650074379,-0.9983436117392508,88.39966678619385,drone1
1753918742.0403457,0.02048482745885849,0.02638934552669525,0.043679505586624146,-0.0007054122151170934,-0.0019176286767307916,0.05749276893480176,-0.998343864620342,88.59969520568848,drone1
1753918742.2403147,0.025476092472672462,0.02730291150510311,0.04530817270278931,-0.0006849020933701621,-0.0019541231554116066,0.05749546633310637,-0.9983436117392508,88.79966425895691,drone1
1753918742.440318,0.029817840084433556,0.02779383398592472,0.04775097966194153,-0.0006466317259464765,-0.0019794542757063205,0.05748480318043314,-0.9983442439419785,88.99966764450073,drone1
1753918742.6403224,0.031138582155108452,0.02747369185090065,0.048929363489151,-0.0006249877140338942,-0.0019538602315167944,0.0574740978809114,-0.9983449182915547,89.19967198371887,drone1
1753918742.8403182,0.030220484361052513,0.027977067977190018,0.048817217350006104,-0.0005825993854837293,-0.001899304881591331,0.057448430450168286,-0.9983464777249496,89.39966773986816,drone1
1753918743.0403135,0.028101272881031036,0.027344482019543648,0.047825515270233154,-0.0005655359210554526,-0.0018272239747881463,0.05743848379391964,-0.9983472363682229,89.5996630191803,drone1
1753918743.2404943,0.024930456653237343,0.024765577167272568,0.04712706804275513,-0.0005778330461301091,-0.0017763526051584018,0.05743705080107031,-0.9983474049556168,89.79984378814697,drone1
1753918743.4403875,0.021117214113473892,0.02027849107980728,0.04747334122657776,-0.0006181495113400969,-0.0017471278404602398,0.057405019196202,-0.9983492594169512,89.99973702430725,drone1
1753918743.6404068,0.01756024919450283,0.013435651548206806,0.04596230387687683,-0.0006782686568593155,-0.001696665262333826,0.057394524630922816,-0.9983498916196789,90.19975638389587,drone1
1753918743.8403885,0.016353003680706024,0.008937645703554153,0.042130619287490845,-0.0006953211318261153,-0.0017208077097916308,0.05738386147824953,-0.9983504395287095,90.399738073349,drone1
1753918744.0403757,0.015716413035988808,0.0067063248716294765,0.038234904408454895,-0.0006645047885292545,-0.0017573991591512462,0.05739776993825818,-0.9983496808854364,90.59972524642944,drone1
1753918744.2404037,0.012991555035114288,0.005458195693790913,0.033545881509780884,-0.0006500410931823666,-0.0017460910444504845,0.057413448565904246,-0.9983487536547692,90.79975318908691,drone1
1753918744.4403763,0.009156581945717335,0.0055090151727199554,0.03000745177268982,-0.0006527667265828435,-0.0017132050604011613,0.057417873984997814,-0.9983486272142236,90.99972581863403,drone1
1753918744.6403697,0.005929484963417053,0.007721729576587677,0.028669282793998718,-0.0006266688135266472,-0.0016914485196957772,0.057428031375488964,-0.998348079305193,91.19971919059753,drone1
1753918744.840389,0.004253070801496506,0.012155362404882908,0.026267752051353455,-0.0005669759520992519,-0.001668641065432748,0.057487500578737805,-0.9983446654104635,91.39973855018616,drone1
1753918745.0403585,0.0033699169289320707,0.01716470904648304,0.02454201877117157,-0.0005232466211356754,-0.0016667800186531893,0.05752227172875929,-0.9983427688022806,91.59970808029175,drone1
1753918745.2403822,0.003524968633428216,0.018734851852059364,0.022933050990104675,-0.0005401281214845904,-0.0016950364759704259,0.05748012488024845,-0.9983450447321002,91.7997317314148,drone1
1753918745.4403625,0.0032290711533278227,0.01893364079296589,0.021027401089668274,-0.0005991195095338886,-0.0017157049365124953,0.05742828425658003,-0.998347995011496,91.99971199035645,drone1
1753918745.6403534,0.001365735661238432,0.017919976264238358,0.018993809819221497,-0.0006483933736643621,-0.0017103396920878965,0.05737184962642394,-0.9983512403188313,92.19970297813416,drone1
1753918745.840357,0.0014569837367162108,0.016490090638399124,0.01850646734237671,-0.0007003856272057247,-0.0017046676482406413,0.057313476241236394,-0.9983545699198637,92.39970660209656,drone1
1753918746.0403528,0.005018946714699268,0.01340541709214449,0.017881974577903748,-0.0007302845768439339,-0.001756672208332497,0.05729434157201241,-0.9983554971505308,92.59970235824585,drone1
1753918746.2403634,0.008273545652627945,0.009614565409719944,0.01573266088962555,-0.0007607661325765491,-0.0017999086187318485,0.05729741829195367,-0.9983552864162883,92.79971289634705,drone1
1753918746.4403758,0.010084324516355991,0.007596306037157774,0.013608887791633606,-0.000749798238432224,-0.001819969695442399,0.057328986281488414,-0.9983534741018023,92.99972534179688,drone1
1753918746.6403515,0.009834525175392628,0.008078704588115215,0.00936320424079895,-0.0006868996234990006,-0.0018046116554946388,0.05737968894024692,-0.9983505659692551,93.19970107078552,drone1
1753918746.8403544,0.009752536192536354,0.007768706884235144,0.004875212907791138,-0.0006354052707647046,-0.0017973890274443063,0.057394861805710906,-0.9983497230322849,93.39970397949219,drone1
1753918747.0403652,0.01023437175899744,0.00564992893487215,0.0018449872732162476,-0.000648529280787197,-0.0018156255654364593,0.057413996474934836,-0.9983486272142236,93.59971475601196,drone1
1753918747.2403636,0.009007497690618038,0.0034817697014659643,-0.0008652806282043457,-0.000655940952270352,-0.0018051911746616634,0.057402574678988405,-0.9983492594169513,93.79971313476562,drone1
1753918747.4403465,0.007684855256229639,-0.0002272844867547974,-0.003465414047241211,-0.0006781142693312255,-0.0018029197311765358,0.057396041917469165,-0.998349638738588,93.99969601631165,drone1
1753918747.6403484,0.00643165921792388,-0.004456974100321531,-0.0069210827350616455,-0.000713057052515106,-0.00182141635309031,0.057373830528304026,-0.9983508609971947,94.199697971344,drone1
1753918747.840353,0.004838146734982729,-0.008560908026993275,-0.011630997061729431,-0.0007241724606292194,-0.0018362627451143994,0.057367845675815377,-0.9983511981719827,94.39970254898071,drone1
1753918748.0403445,0.0011596258264034986,-0.010851399041712284,-0.01668688654899597,-0.0007512442786946587,-0.001798143019746915,0.05735107123010802,-0.9983522096963471,94.59969401359558,drone1
1753918748.2403467,-0.004219887778162956,-0.011782156303524971,-0.02001139521598816,-0.0007492742016399966,-0.0017546463607898152,0.05735987992144692,-0.9983517460810134,94.79969620704651,drone1
1753918748.4403477,-0.009423252195119858,-0.013048963621258736,-0.022176504135131836,-0.0007704218767887189,-0.0017148503515362927,0.057359500599810265,-0.998351872521559,94.99969720840454,drone1
1753918748.6403675,-0.00935489870607853,-0.013284367509186268,-0.023269474506378174,-0.0008076721176105072,-0.0017578765216014704,0.057332990232096925,-0.9983532633675598,95.19971704483032,drone1
1753918748.840346,-0.005316774360835552,-0.01158497016876936,-0.024108007550239563,-0.000780589803991972,-0.0018526613265438042,0.057324392275000635,-0.9983536005423479,95.39969563484192,drone1
1753918749.0403466,-0.0008657652651891112,-0.009476535022258759,-0.02459566295146942,-0.0007404084227241841,-0.0019084548224623382,0.05729644891443797,-0.9983551599757428,95.5996961593628,drone1
1753918749.2403533,0.002803722396492958,-0.007999774999916553,-0.024706527590751648,-0.0007176458318057615,-0.0019471159948924797,0.05728447920946089,-0.998355750031622,95.79970288276672,drone1
1753918749.440363,0.005502935964614153,-0.006293772254139185,-0.025642812252044678,-0.0007247259261291471,-0.001961951603250251,0.05727347888199946,-0.9983563822343496,95.9997124671936,drone1
1753918749.640346,0.007242951076477766,-0.00461279833689332,-0.025909528136253357,-0.0007087004513225463,-0.0019466094506887458,0.05723533598409719,-0.9983586160173207,96.1996955871582,drone1
1753918749.8403456,0.007674163673073053,-0.004856426268815994,-0.02481149137020111,-0.0007195063846769395,-0.001955297916495784,0.05720659183341276,-0.9983602175975641,96.39969515800476,drone1
1753918750.0403469,0.007199943531304598,-0.006677610799670219,-0.022423431277275085,-0.0007263552064009281,-0.0019398890039847823,0.05722901395682045,-0.9983589531921089,96.59969639778137,drone1
1753918750.240342,0.005065468605607748,-0.009210527874529362,-0.021829262375831604,-0.0007279955584522496,-0.0019101399966992344,0.057242964563677556,-0.9983582366956841,96.79969143867493,drone1
1753918750.440344,0.0028836869169026613,-0.009351829066872597,-0.021176815032958984,-0.0007345881240445692,-0.001864311678593558,0.05725527144344278,-0.9983575623461078,96.99969363212585,drone1
1753918750.6403444,0.00018098382861353457,-0.00614959467202425,-0.020299941301345825,-0.0006640211699062047,-0.0018075343994981615,0.057260160477870026,-0.9983574780524109,97.19969391822815,drone1
1753918750.840357,-0.0025537863839417696,-0.003186337649822235,-0.01867729425430298,-0.0006291225915224225,-0.0017754354584539405,0.05724903370986323,-0.9983581524019871,97.39970660209656,drone1
1753918751.040339,-0.002620760118588805,-0.0029434391763061285,-0.019155338406562805,-0.0006533433646176459,-0.0017633167577819156,0.0572510146117432,-0.9983581102551385,97.59968852996826,drone1
1753918751.240359,-9.216378384735435e-05,-0.003069420112296939,-0.02017323672771454,-0.000657888433016584,-0.0018235005229809802,0.057262857876174744,-0.9983573094650169,97.79970860481262,drone1
1753918751.440332,0.0019487673416733742,-0.0027012547943741083,-0.020658746361732483,-0.0006555222825994021,-0.001837992618059775,0.05727331029460547,-0.9983566351154407,97.99968147277832,drone1
1753918751.6403337,0.0024420684203505516,-0.00342402420938015,-0.02123372256755829,-0.000676606860952453,-0.0018337756694619392,0.05727082363054331,-0.9983567615559862,98.19968318939209,drone1
1753918751.8403323,0.0018484597094357014,-0.001932835322804749,-0.021704688668251038,-0.0006382804760865572,-0.001816270321668806,0.05725173110816795,-0.9983579838145931,98.39968180656433,drone1
1753918752.0403314,0.00023831406724639237,0.002857878105714917,-0.022799387574195862,-0.0005903148929392549,-0.0018032148414341756,0.0572333129353686,-0.9983590374858058,98.59968090057373,drone1
1753918752.2403293,-0.00155873061157763,0.009602292440831661,-0.024207711219787598,-0.0005142506973614729,-0.0018040449367864879,0.05721835080414722,-0.9983599225696245,98.79967880249023,drone1
1753918752.4403338,-0.0025854965206235647,0.014185367152094841,-0.021838128566741943,-0.0005204077180798255,-0.0018145627569186385,0.05723984569688784,-0.9983587424578662,98.99968338012695,drone1
1753918752.6403244,-0.0022635103669017553,0.01734122820198536,-0.017740175127983093,-0.0005494482137928476,-0.0018404588672421701,0.05726243640768969,-0.9983573094650169,99.1996738910675,drone1
1753918752.8403223,-0.0012549677630886436,0.020128397271037102,-0.015268668532371521,-0.0005572614739487767,-0.0018376042825952238,0.0572875559294021,-0.9983558764721675,99.39967179298401,drone1
1753918753.040314,-0.0013661652337759733,0.02136051096022129,-0.014500156044960022,-0.0005588161328959969,-0.0018091009945645888,0.05729075908988901,-0.9983557921784705,99.59966349601746,drone1
1753918753.240314,-0.003315703710541129,0.02259691245853901,-0.013410121202468872,-0.0005833690182184024,-0.0017856686227225157,0.05726846340702668,-0.9983570987307743,99.79966354370117,drone1
1753918753.4403176,-0.005825989414006472,0.02365903928875923,-0.010169833898544312,-0.0005626514137924249,-0.001740365329225829,0.0572216382583311,-0.9983598382759274,99.99966716766357,drone1
1753918753.640328,-0.007299851160496473,0.02622855082154274,-0.005037903785705566,-0.0005333634699805283,-0.0017415533435182298,0.05719289410764672,-0.998361524149868,100.19967746734619,drone1
1753918753.8403156,-0.008363250643014908,0.02954842895269394,-0.0003373771905899048,-0.0004991210077218556,-0.0017327801724238523,0.057192388345464584,-0.998361524149868,100.3996651172638,drone1
1753918754.0403147,-0.010562598705291748,0.03248900547623634,0.0041035860776901245,-0.0005006444269639785,-0.0017086028221071237,0.05715837583871625,-0.998363589345445,100.5996642112732,drone1
1753918754.2403207,-0.014397092163562775,0.033783894032239914,0.006266355514526367,-0.0005024279712867543,-0.0016607741750584502,0.057096630705647744,-0.9983671718275684,100.79967021942139,drone1
1753918754.4403145,-0.01901358552277088,0.03680938482284546,0.00682811439037323,-0.0005267173153288714,-0.0015921201692386802,0.0570324410553657,-0.9983709228970858,100.99966406822205,drone1
1753918754.640324,-0.023155920207500458,0.040429916232824326,0.006631031632423401,-0.0005055632193711964,-0.00154202221897453,0.05699471962594843,-0.9983732409737539,101.19967365264893,drone1
1753918754.8403156,-0.02691173553466797,0.042001981288194656,0.006242126226425171,-0.0005065796005012044,-0.0015116902351632903,0.05695876836416863,-0.998375306169331,101.3996651172638,drone1
1753918755.0403163,-0.028956705704331398,0.04128789156675339,0.006092339754104614,-0.0005315017234974294,-0.0015161816733438593,0.05693305878657701,-0.9983767391621805,101.59966588020325,drone1
1753918755.2403135,-0.029921088367700577,0.040471773594617844,0.006791457533836365,-0.0005603687338916296,-0.0015354363211453534,0.056921932018570154,-0.9983773292180596,101.79966306686401,drone1
1753918755.440423,-0.029641734436154366,0.038500864058732986,0.008280202746391296,-0.0006009325648824285,-0.001574725786195142,0.05693019280087824,-0.9983767391621804,101.99977254867554,drone1
1753918755.6403937,-0.029550237581133842,0.03505579009652138,0.010181993246078491,-0.0006311721466673918,-0.0016183964655384765,0.05689221849037002,-0.9983788043577575,102.19974327087402,drone1
1753918755.8403907,-0.02893412485718727,0.03249825909733772,0.011450543999671936,-0.0006440972762484734,-0.0016431914482856291,0.05690452537013513,-0.9983781300081812,102.39974021911621,drone1
1753918756.040375,-0.026191160082817078,0.02893378958106041,0.010521218180656433,-0.0006641581471638651,-0.0017144669139965195,0.05693706273718552,-0.9983761069594527,102.5997245311737,drone1
1753918756.240417,-0.022579384967684746,0.023596541956067085,0.006548687815666199,-0.0007040829430277303,-0.0017772437805138293,0.056945955722221386,-0.9983754747567251,102.79976654052734,drone1
1753918756.440376,-0.019243113696575165,0.018746444955468178,0.0025592446327209473,-0.0007346642270942731,-0.0017900039446956614,0.056925935969178665,-0.9983765284279378,102.99972558021545,drone1
1753918756.6403754,-0.014528457075357437,0.01561245508491993,6.937980651855469e-05,-0.0007270693156017719,-0.0017991107097423639,0.05692863336748333,-0.9983764441342409,103.19972491264343,drone1
1753918756.8404026,-0.010308017954230309,0.011407433077692986,-0.001812860369682312,-0.0007417789361633596,-0.0018168589369818473,0.05693411245778979,-0.9983760226657558,103.39975214004517,drone1
1753918757.0404058,-0.007174324244260788,0.00546469958499074,-0.004342108964920044,-0.000787828195951464,-0.0018246395991846315,0.05693541901009358,-0.9983758962252101,103.59975528717041,drone1
1753918757.2404048,-0.003859147662296891,0.00040858835563994944,-0.0056465864181518555,-0.0007793235875392481,-0.0018104547151188105,0.05693200511536428,-0.9983761912531497,103.79975438117981,drone1
1753918757.440387,-0.0003459762374404818,-0.003985521383583546,-0.006824314594268799,-0.000758672948857926,-0.0018152958404331187,0.05693950725439917,-0.9983756854909676,103.99973654747009,drone1
1753918757.6403902,0.002292433986440301,-0.008358842693269253,-0.007596880197525024,-0.0007603091438470409,-0.001817768139993181,0.056929602744999086,-0.9983763176936953,104.19973969459534,drone1
1753918757.8403716,0.002931426977738738,-0.012357952073216438,-0.007945939898490906,-0.0007693272523393562,-0.001783136272135132,0.05693272161178897,-0.9983761491063012,104.39972114562988,drone1
1753918758.0403733,0.003110629739239812,-0.015179800800979137,-0.009034514427185059,-0.0007599091603765048,-0.0017659794590228484,0.056944227701432426,-0.9983755169035735,104.59972286224365,drone1
1753918758.240393,0.004162393976002932,-0.017321087419986725,-0.010253161191940308,-0.0007152205358599562,-0.0017654896253860046,0.05693908578591411,-0.9983758540783616,104.79974246025085,drone1
1753918758.440372,0.004201425239443779,-0.01918145827949047,-0.008880868554115295,-0.0007038776006183348,-0.001774276914028272,0.056933143080274085,-0.9983762333999983,104.99972152709961,drone1
1753918758.6403794,0.003511959919705987,-0.019056392833590508,-0.005642339587211609,-0.0006661046400933352,-0.0017492323017535621,0.05693466036682043,-0.9983761491063012,105.19972896575928,drone1
1753918758.8403814,0.005548571236431599,-0.016736064106225967,-0.0024623870849609375,-0.0006406979106572982,-0.0017484875702330972,0.05688678154691201,-0.998378930798303,105.39973092079163,drone1
1753918759.040359,0.009910042397677898,-0.012762313708662987,-0.0012372136116027832,-0.0005901040352196052,-0.001826041599283095,0.056843412439794294,-0.998381248874971,105.5997085571289,drone1
1753918759.2403727,0.014639624394476414,-0.00871300883591175,-0.0019786059856414795,-0.0005719353273117746,-0.0018590053327433922,0.05681841935862736,-0.9983826397209719,105.79972219467163,drone1
1753918759.4403598,0.01877080462872982,-0.005927812308073044,-0.004187226295471191,-0.0005460348129718461,-0.0018921203668043984,0.05683384510518241,-0.9983817124903047,105.99970936775208,drone1
1753918759.640356,0.019269730895757675,-0.006212235428392887,-0.00632321834564209,-0.0005742508932789371,-0.001865396712988523,0.056857363046651455,-0.9983804480848493,106.19970560073853,drone1
1753918759.8403792,0.018469756469130516,-0.0055273170582950115,-0.007662549614906311,-0.0005822771925831988,-0.0018033796421972983,0.05686739399659707,-0.9983799423226671,106.39972877502441,drone1
1753918760.0403452,0.01973876543343067,-0.005146813113242388,-0.008176937699317932,-0.0005705800015553145,-0.0018256392285887174,0.05685748948719699,-0.9983804902316978,106.59969472885132,drone1
1753918760.24038,0.020479630678892136,-0.005225628614425659,-0.007170885801315308,-0.0005639622466355644,-0.0018451089734901312,0.056876708450117996,-0.9983793944136365,106.79972958564758,drone1
1753918760.440369,0.018322084099054337,-0.0036980025470256805,-0.004375964403152466,-0.0005584892067068153,-0.001809137667261877,0.056862336374775724,-0.9983802794974552,106.99971842765808,drone1
1753918760.6403508,0.01264454610645771,-0.0013984208926558495,-0.0023750215768814087,-0.0005376111643750803,-0.0017253367673272187,0.056822170428144914,-0.9983826818678204,107.19970035552979,drone1
1753918760.8403716,0.00557371973991394,-0.00029099377570673823,-0.0013194382190704346,-0.0005662539815233441,-0.0016539619848727183,0.05680906275825792,-0.9983835669516392,107.39972114562988,drone1
1753918761.0403466,-0.0006526707438752055,0.0026750199031084776,-0.0005792975425720215,-0.0005600861359796416,-0.001604257432634024,0.05676881251793009,-0.9983858850283072,107.5996961593628,drone1
1753918761.2404015,-0.004807519726455212,0.008376941084861755,0.0012990683317184448,-0.0004844387990754126,-0.001589466029076351,0.05673475786433324,-0.9983879923707328,107.7997510433197,drone1
1753918761.4403458,-0.006270111072808504,0.013891969807446003,0.0030425190925598145,-0.0004117359381434696,-0.001604208906135592,0.05674356655567203,-0.998387444461702,107.99969530105591,drone1
1753918761.6403666,-0.006933519616723061,0.017356790602207184,0.004135161638259888,-0.00040973943699042486,-0.0016166377401118453,0.0567696133080518,-0.9983859271751557,108.199716091156,drone1
1753918761.8403661,-0.009641379117965698,0.020147202536463737,0.004717931151390076,-0.000411597520319698,-0.0016127595715043348,0.056743524408823576,-0.9983874023148536,108.39971566200256,drone1
1753918762.040365,-0.013492749072611332,0.02121472917497158,0.004439830780029297,-0.00044708759514874396,-0.0015970101914827058,0.056697879371886195,-0.9983900575663098,108.59971451759338,drone1
1753918762.2403677,-0.017393624410033226,0.01965593360364437,0.005272522568702698,-0.0005154872793113374,-0.0016031225134925792,0.05666618494180603,-0.9983917434402503,108.79971718788147,drone1
1753918762.4402978,-0.02211853861808777,0.016627533361315727,0.008194699883460999,-0.0005951556066632453,-0.0016089171289363827,0.056608106584558004,-0.998395030894434,108.99964737892151,drone1
1753918762.640343,-0.025870075449347496,0.014664317481219769,0.010688424110412598,-0.0006175249230333071,-0.0016243968349819926,0.05660734794128486,-0.998395030894434,109.19969248771667,drone1
1753918762.8403478,-0.02682860568165779,0.012902460061013699,0.013418853282928467,-0.0006228044331947729,-0.001675599205545062,0.05663545988924157,-0.9983933028736451,109.39969730377197,drone1
1753918763.0403447,-0.025800367817282677,0.010635057464241982,0.016060084104537964,-0.0006280559140556175,-0.0017317622684096697,0.056686626163333864,-0.9983903525942495,109.59969425201416,drone1
1753918763.2403467,-0.024518078193068504,0.007233521901071072,0.017443835735321045,-0.0006599737553601428,-0.0017758128044570146,0.056702641965767964,-0.9983893410698851,109.79969620704651,drone1
1753918763.4403467,-0.022660840302705765,0.004046632908284664,0.019357845187187195,-0.0007004832152700014,-0.0017950359655992208,0.0566867526038794,-0.9983902261537039,109.99969625473022,drone1
1753918763.6403632,-0.020307837054133415,0.0014178482815623283,0.023228436708450317,-0.0007401403127913717,-0.0018129657864867806,0.05669463406455094,-0.9983896782446733,110.1997127532959,drone1
1753918763.840343,-0.01877942681312561,-0.0003322310803923756,0.02696479856967926,-0.0007477895542057813,-0.0018235784781871125,0.05669261101582235,-0.9983897625383703,110.39969253540039,drone1
1753918764.0403378,-0.017940787598490715,-0.001827443833462894,0.029407918453216553,-0.0007783239581351622,-0.0017927531622213303,0.05668536175787847,-0.9983901840068553,110.59968733787537,drone1
1753918764.2403407,-0.01915752701461315,-0.004939493257552385,0.030572861433029175,-0.000800457186299112,-0.0017624424576295052,0.05671832059341397,-0.9983883295455209,110.79969024658203,drone1
1753918764.4403443,-0.019101135432720184,-0.007593194954097271,0.030189231038093567,-0.0008422403947645042,-0.0017591584196452903,0.05670727811910414,-0.9983890038950971,110.99969387054443,drone1
1753918764.640355,-0.015508030541241169,-0.00850667804479599,0.02807977795600891,-0.0008763523417335011,-0.0018354927831074725,0.05668485599569639,-0.9983900997131583,111.19970464706421,drone1
1753918764.840333,-0.010919731110334396,-0.010197300463914871,0.026077523827552795,-0.0008596934294282847,-0.0019114256402149436,0.05664165547597272,-0.9983924177898265,111.39968252182007,drone1
1753918765.0403512,-0.007893088273704052,-0.010797969065606594,0.023476511240005493,-0.0008621284389055824,-0.001946018942060244,0.05662319515632491,-0.9983933450204936,111.5997006893158,drone1
1753918765.2403364,-0.006979561410844326,-0.011357140727341175,0.019108951091766357,-0.000875990430367333,-0.0019404404526921543,0.05663356328105862,-0.9983927549646145,111.79968595504761,drone1
1753918765.440332,-0.006136410403996706,-0.011229359544813633,0.014101594686508179,-0.0008702433124461677,-0.0019292705500200053,0.05662795775020668,-0.9983931342862511,111.99968147277832,drone1
1753918765.640333,-0.0058093564584851265,-0.010403919033706188,0.010148480534553528,-0.0008610196969083301,-0.0019354372019517872,0.056625681820387075,-0.9983932185799481,112.19968247413635,drone1
1753918765.8403342,-0.00736169284209609,-0.01064968015998602,0.006008237600326538,-0.0008620445156398465,-0.0019014759381980233,0.056622773687839856,-0.9983935136078876,112.39968371391296,drone1
1753918766.0403378,-0.010174463503062725,-0.012501504272222519,0.003168359398841858,-0.0008747282063406889,-0.0018514873474812297,0.05667233838168867,-0.998390731915886,112.59968733787537,drone1
1753918766.2403297,-0.01188509538769722,-0.013224182650446892,0.0006443411111831665,-0.0008590950594247189,-0.0018358537889749424,0.05666521556429027,-0.9983911955312197,112.79967927932739,drone1
1753918766.4403205,-0.01180399302393198,-0.014253713190555573,-0.0013485997915267944,-0.0008233750290852917,-0.0018143298379579716,0.056641191860639095,-0.998392628524069,112.99967002868652,drone1
1753918766.6403205,-0.010058155283331871,-0.014131137169897556,-0.002432912588119507,-0.0008044704388488224,-0.001831095475632513,0.05660642071061761,-0.998394609425949,113.19967007637024,drone1
1753918766.8403156,-0.007609943859279156,-0.012831084430217743,-0.0022049248218536377,-0.0007774415496534969,-0.0018320389229582617,0.05655403217791849,-0.9983976018521933,113.3996651172638,drone1
1753918767.0403187,-0.005281723104417324,-0.009811625815927982,-0.0020798593759536743,-0.0007473118213242717,-0.0018489072112579852,0.05650695414813195,-0.9984002571036494,113.59966826438904,drone1
1753918767.2403183,-0.003981732297688723,-0.006419426761567593,-0.003420412540435791,-0.0006987754035656436,-0.0018676090932630914,0.056475976214476364,-0.9984019851244383,113.7996678352356,drone1
1753918767.440314,-0.0041707176715135574,-0.003542652353644371,-0.003483384847640991,-0.0006592105434344228,-0.001864266815248952,0.0564491708188235,-0.9984035867046819,113.99966359138489,drone1
1753918767.6403337,-0.006285275798290968,-0.003278838936239481,-0.0025841742753982544,-0.0006454312816264876,-0.0018020765472521274,0.056461014083255046,-0.9984029545019542,114.19968318939209,drone1
1753918767.8403327,-0.007737136445939541,-0.003836635034531355,-0.0006590783596038818,-0.0006593227429549703,-0.001772735137857989,0.0564932142755174,-0.9984012686280137,114.39968228340149,drone1
1753918768.0403187,-0.006449030712246895,-0.00410317862406373,0.0013081878423690796,-0.0006613017926785536,-0.0018044890427390587,0.05649279280703229,-0.9984011843343168,114.59966826438904,drone1
1753918768.2403164,-0.0074419486336410046,-0.006798289250582457,0.002432793378829956,-0.0006903170167460817,-0.0018113081888011563,0.05650573188952507,-0.998400383544195,114.79966592788696,drone1
1753918768.4403164,-0.010593949817121029,-0.010551337152719498,0.002490893006324768,-0.0007342085554537806,-0.0017929787137153145,0.056514919902500405,-0.9983998777820129,114.99966597557068,drone1
1753918768.6402621,-0.012964905239641666,-0.011453642509877682,0.0016013681888580322,-0.0007510076142621025,-0.0017722501198278598,0.05653064067699498,-0.9983990769918911,115.19961166381836,drone1
1753918768.8406458,-0.012820168398320675,-0.009060938842594624,0.0017752349376678467,-0.0007144509854433468,-0.0017712339856520427,0.05650838714098133,-0.9984003413973466,115.39999532699585,drone1
1753918769.040416,-0.01136641576886177,-0.0042771403677761555,0.004129081964492798,-0.0006511141914581245,-0.0017976269266478154,0.05649490014945774,-0.9984011000406197,115.59976553916931,drone1
1753918769.2404268,-0.009828906506299973,0.0019140919903293252,0.006594657897949219,-0.0005936850767769199,-0.001820060986174818,0.056504593924615265,-0.9984005099847405,115.79977631568909,drone1
1753918769.440407,-0.007608463987708092,0.009786093607544899,0.007603883743286133,-0.0005533391005411681,-0.001846034722432228,0.05648954749969687,-0.9984013107748622,115.99975657463074,drone1
1753918769.640397,-0.006216125562787056,0.017514163628220558,0.00906682014465332,-0.0005156311712863316,-0.0018283743697255282,0.05645797951016218,-0.9984032073830451,116.19974660873413,drone1
1753918769.840427,-0.0052132373675704,0.021534420549869537,0.011503726243972778,-0.000519785064247528,-0.0018234957485332973,0.05645368053161409,-0.9984034602641363,116.39977645874023,drone1
1753918770.0404081,-0.004167378414422274,0.0223267562687397,0.013315320014953613,-0.0005696198025036439,-0.0018151042039812955,0.05646430153743881,-0.9984028702082571,116.5997576713562,drone1
1753918770.2404613,-0.0017813557060435414,0.022516032680869102,0.01416809856891632,-0.0005958494656204687,-0.0018366209933267422,0.05649422579988156,-0.9984011000406197,116.79981088638306,drone1
1753918770.440387,0.0019286236492916942,0.02386840060353279,0.015150651335716248,-0.0005842661204744019,-0.001863744507136058,0.056527016048023015,-0.9983991612855883,116.99973654747009,drone1
1753918770.640434,0.003929019905626774,0.025263413786888123,0.01606154441833496,-0.0005896296773786987,-0.00185265605818774,0.056503329519159984,-0.9984005099847405,117.19978356361389,drone1
1753918770.8403735,0.005822311621159315,0.028762467205524445,0.01615680754184723,-0.0005561536374502229,-0.0018533117215635006,0.05648069666150962,-0.9984018165370443,117.39972305297852,drone1
1753918771.040376,0.005883331876248121,0.030418431386351585,0.016567707061767578,-0.0005496264324003202,-0.0018558548969762347,0.056462910691437995,-0.9984028280614086,117.59972548484802,drone1
1753918771.2403781,0.004540732596069574,0.02956869639456272,0.016979515552520752,-0.0005972857923514107,-0.0018356612881834525,0.05645625148937322,-0.9984032495298938,117.79972767829895,drone1
1753918771.440356,0.0018847507890313864,0.028425296768546104,0.017041847109794617,-0.0006133797146278099,-0.001783225093325646,0.05643753828863446,-0.998404429641652,117.99970555305481,drone1
1753918771.6403587,-0.0012580769835039973,0.029531454667448997,0.01564900577068329,-0.0006139952891066467,-0.0017406732399423426,0.05638278953241882,-0.9984075906552903,118.1997082233429,drone1
1753918771.8403509,-0.0019055786542594433,0.03327934443950653,0.013567298650741577,-0.0005963975392872372,-0.0017466340143973162,0.056389870202968595,-0.9984071691868053,118.3997004032135,drone1
1753918772.0403528,-0.00058762013213709,0.036815740168094635,0.011131435632705688,-0.0006046157631565441,-0.001784247854105575,0.056443523141123,-0.9984040081731669,118.59970235824585,drone1
1753918772.24037,0.0013773489044979215,0.03792721778154373,0.008925512433052063,-0.0006492147844609753,-0.0018252033132834648,0.05649763969461091,-0.9984008893063772,118.79971957206726,drone1
1753918652.6403465,-0.009292693808674812,-0.027800044044852257,-0.056606560945510864,-0.0011964488069819146,-1.3862238415882564e-05,0.044756286342749085,-0.9989972672128062,0.0,drone2
1753918652.840343,-0.007649616338312626,-0.02903381921350956,-0.060722485184669495,-0.0012103157375274749,-9.998640105664022e-05,0.04475413685347507,-0.9989973093596547,0.1999964714050293,drone2
1753918653.0403376,-0.004362860694527626,-0.03317388519644737,-0.06200475990772247,-0.0013035947804523064,-0.00022288422409056592,0.04477415660651768,-0.998996339982139,0.3999910354614258,drone2
1753918653.2403648,-0.0016928197583183646,-0.03660738840699196,-0.06055569648742676,-0.0013253996007019314,-0.00026908466100228394,0.04478819150707186,-0.9989956234857144,0.6000182628631592,drone2
1753918653.4406505,-0.0020362851209938526,-0.039736147969961166,-0.05674004554748535,-0.0013087773610940033,-0.0001862788629782193,0.04480252143556557,-0.9989950334298352,0.8003039360046387,drone2
1753918653.6403394,-0.0033323713578283787,-0.04192700982093811,-0.05309991538524628,-0.0012448667278881376,-8.724698102680975e-05,0.04478671636737391,-0.9989958342199569,0.999992847442627,drone2
1753918653.8403485,-0.0036990728694945574,-0.04424444958567619,-0.050966665148735046,-0.0011965812155870508,-7.925443212858225e-05,0.04480294290405068,-0.9989951177235322,1.2000019550323486,drone2
1753918654.0403426,-0.00479468610137701,-0.04619111120700836,-0.049287229776382446,-0.0011849228786851374,-6.294059714554868e-05,0.0447815744518556,-0.998996087101048,1.399996042251587,drone2
1753918654.240328,-0.006198810879141092,-0.04679318889975548,-0.04532122611999512,-0.0011827865603012415,-1.5179574386038476e-05,0.04476412565657206,-0.9989969300380181,1.5999815464019775,drone2
1753918654.440327,-0.0071091861464083195,-0.04405578225851059,-0.039659395813941956,-0.0010854066372481066,3.917220296839452e-05,0.044783260325796104,-0.9989961713947451,1.7999804019927979,drone2
1753918654.6403353,-0.007355735637247562,-0.04071677103638649,-0.025692135095596313,-0.0013197529931362963,0.0024495845489847135,0.029920932841702497,-0.9995484636976317,1.9999887943267822,drone2
1753918654.8403225,-0.008392930962145329,-0.03946134075522423,0.05259031057357788,-0.005182265363513745,0.0026565295264402546,-0.014006704312473861,-0.9998849641361427,2.1999759674072266,drone2
1753918655.0405192,-0.011368059553205967,-0.04362982511520386,0.22811397910118103,-0.007292628038808181,0.0016300132318184462,-0.06012585114867114,-0.998162886052836,2.400172710418701,drone2
1753918655.2404182,-0.01325911283493042,-0.05336045101284981,0.40961459279060364,-0.0061673109701982295,0.0010395847811105396,-0.08395192822721315,-0.9964501645698989,2.600071668624878,drone2
1753918655.4404154,-0.016614217311143875,-0.06975214183330536,0.6064486503601074,-0.004386163420159084,0.0013806647381300302,-0.08887615527298348,-0.9960321099795194,2.8000688552856445,drone2
1753918655.6404119,-0.02051524445414543,-0.08749408274888992,0.7751609086990356,-0.006608872142154105,0.0006233821825235544,-0.04337462835486483,-0.9990368852504065,3.000065326690674,drone2
1753918655.8404143,-0.023535186424851418,-0.10547585785388947,0.9120961427688599,0.012029347048276181,-0.0014463254122067028,0.028364744754134752,-0.9995242292597379,3.2000677585601807,drone2
1753918656.0404418,-0.02258520945906639,-0.11113090813159943,1.0106096267700195,0.013654143290502319,-0.0009897897613199405,0.08044341382292397,-0.996665155644153,3.400095224380493,drone2
1753918656.2404695,-0.01902693696320057,-0.101018525660038,1.0871566534042358,0.007647799860481858,-0.000527566590789982,0.09561543634987563,-0.9953888647775462,3.6001229286193848,drone2
1753918656.4404285,-0.017480814829468727,-0.08301248401403427,1.1618258953094482,0.0012829357041695905,7.772171094539919e-05,0.07509493660004296,-0.9971755961264683,3.800081968307495,drone2
1753918656.6404574,-0.017924053594470024,-0.06445121020078659,1.2340434789657593,-0.0038424427325882385,0.00022254869566386702,0.023416662592107285,-0.9997183997908277,4.000110864639282,drone2
1753918656.8404157,-0.02136826328933239,-0.05314842239022255,1.301881194114685,-0.0071618733682037045,2.3110631690955817e-05,-0.04194117189016072,-0.9990944999923208,4.200069189071655,drone2
1753918657.0404553,-0.027227990329265594,-0.05131135880947113,1.3643012046813965,-0.007554509128391889,-0.0007595823576644084,-0.09443764266823851,-0.9955018604784038,4.400108814239502,drone2
1753918657.2404492,-0.032131366431713104,-0.05808765068650246,1.4165072441101074,-0.005059214840472026,-0.0015976349032665806,-0.11325928724829398,-0.9935513464761682,4.600102663040161,drone2
1753918657.4404166,-0.035636018961668015,-0.06514657288789749,1.344037413597107,-0.0006199618669850877,-0.0020171401025610987,-0.10196890517549867,-0.994785406200567,4.80007004737854,drone2
1753918657.6404524,-0.036667194217443466,-0.06914607435464859,1.1980156898498535,0.00036677846283165945,-0.0014796662447158773,-0.061593741588608586,-0.998100171542252,5.000105857849121,drone2
1753918657.8404114,-0.03513095900416374,-0.07312076538801193,1.0800224542617798,-0.007309950393546164,0.00041591794272346697,0.04329674097881686,-0.9990354522575571,5.2000648975372314,drone2
1753918658.0404425,-0.0339791364967823,-0.08306824415922165,0.9561523199081421,-0.007135255066074488,0.007141007318584955,0.2430367252181292,-0.9699645792034709,5.4000959396362305,drone2
1753918658.2404084,-0.03498274087905884,-0.09577806293964386,0.8415030241012573,0.022490260373858595,-0.00859808221967887,0.41483151550680863,-0.9095796724504275,5.600061893463135,drone2
1753918658.440409,-0.023095397278666496,-0.09350382536649704,0.7182763814926147,0.02949192138779905,0.006659859292140245,0.481100965248943,-0.8761437135163408,5.800062417984009,drone2
1753918658.6404073,-0.003452500095590949,-0.06711787730455399,0.6035412549972534,0.0011916827145825686,0.005929694446919616,0.47058452575535326,-0.8823342847724693,6.000060796737671,drone2
1753918658.840411,0.010545093566179276,-0.03537321835756302,0.5129126310348511,-0.011502052107095593,0.002366428981508821,0.3752732632111809,-0.9268397973665785,6.200064420700073,drone2
1753918659.040408,0.013130207546055317,-0.013664600439369678,0.49529317021369934,-0.022785197434292675,0.007418106121542556,0.25569873432886314,-0.9664594786939109,6.400061368942261,drone2
1753918659.2404265,0.0016315759858116508,-0.0132560133934021,0.5087635517120361,-0.022083696726598753,0.006104918981786917,0.21326225267500215,-0.9767262824037707,6.6000800132751465,drone2
1753918659.4404209,-0.018641414120793343,-0.032818470150232315,0.511486291885376,-0.005031520409733346,-0.001537495301708607,0.2597657787696188,-0.9656573820199001,6.800074338912964,drone2
1753918659.6404023,-0.037103671580553055,-0.05640026181936264,0.4809437096118927,0.012823086133936172,-0.005556594738832929,0.3462020740557309,-0.9380558956188736,7.00005578994751,drone2
1753918659.8404233,-0.044825129210948944,-0.06833990663290024,0.44165167212486267,0.01863850927928609,-0.0043550384664422055,0.4118325565010159,-0.9110585632178262,7.2000768184661865,drone2
1753918660.0404286,-0.040123507380485535,-0.06594731658697128,0.41863420605659485,0.009917938768939163,-0.0016135074722702736,0.4276285631201714,-0.903898698739644,7.400082111358643,drone2
1753918660.2404273,-0.031187186017632484,-0.055806584656238556,0.39978286623954773,-0.0026970793222011328,0.0019442528080079874,0.4036783424993405,-0.9148950011769545,7.600080728530884,drone2
1753918660.440396,-0.027294941246509552,-0.04678195342421532,0.37320032715797424,-0.010108041799875234,0.004407832004013722,0.3694521301556745,-0.9291844054758154,7.800049543380737,drone2
1753918660.6404254,-0.03401421755552292,-0.04455246031284332,0.34539034962654114,-0.009187568457831974,0.003344787727259255,0.35333966392447513,-0.9354440343432291,8.000078916549683,drone2
1753918660.8403957,-0.04755152761936188,-0.04781447350978851,0.3220815360546112,-0.0029688849244743297,-0.00017732430403094796,0.36471857545256753,-0.9311131717042195,8.20004916191101,drone2
1753918661.0403955,-0.061646126210689545,-0.05107733607292175,0.3017505705356598,0.0031595195654645987,-0.002965372412704879,0.3917161607347059,-0.9200760078972776,8.400048971176147,drone2
1753918661.2404077,-0.06934364140033722,-0.04999589920043945,0.2830984890460968,0.005205327839137582,-0.0034505627345410555,0.41531209494695415,-0.9096575387530514,8.600061178207397,drone2
1753918661.440397,-0.07014111429452896,-0.04247376695275307,0.2652055323123932,0.0023367183344408585,-0.0020022516460065994,0.424343448086414,-0.9054960853716312,8.800050497055054,drone2
1753918661.6403897,-0.06809717416763306,-0.03032323531806469,0.24803677201271057,-0.002162964741050162,-0.00012561966980345146,0.4187453772266515,-0.908101224224938,9.000043153762817,drone2
1753918661.8403697,-0.06585636734962463,-0.017847847193479538,0.2309475839138031,-0.005384489235391586,0.0010095386879337936,0.40445470852233545,-0.914541620925615,9.200023174285889,drone2
1753918662.0403566,-0.06608445197343826,-0.010887231677770615,0.21445873379707336,-0.005744286179780832,0.001160021541000037,0.3886427493210186,-0.9213698950731377,9.400010108947754,drone2
1753918662.2403479,-0.06862140446901321,-0.008846046403050423,0.19844192266464233,-0.004209485148290465,0.0008104379633850945,0.37679031794990636,-0.926288664102026,9.600001335144043,drone2
1753918662.4403677,-0.0710652694106102,-0.009476895444095135,0.1824735701084137,-0.0018223863479915603,0.0007209869573671035,0.3713063386090628,-0.9285083700257006,9.800021171569824,drone2
1753918662.6403432,-0.07404789328575134,-0.011961493641138077,0.16741955280303955,-0.0003378992899434784,0.0008284629645335736,0.3713338815745647,-0.9284989502050585,9.999996662139893,drone2
1753918662.8403687,-0.07742410898208618,-0.017530852928757668,0.15523099899291992,0.0003080657625863022,0.001137978780387872,0.3742455544570913,-0.9273289536903961,10.200022220611572,drone2
1753918663.0403752,-0.08051060885190964,-0.02365567348897457,0.14530408382415771,0.0006757664758422948,0.0013854012783446306,0.3774643303512925,-0.9260228017816192,10.400028705596924,drone2
1753918663.2403522,-0.08094427734613419,-0.02829919196665287,0.1361265778541565,0.0006360709769443028,0.0017297335397348566,0.37936262440822316,-0.9252462882446544,10.600005626678467,drone2
1753918663.4403384,-0.08074066042900085,-0.02979503571987152,0.12808158993721008,-0.00023544489044553563,0.0023246343719916336,0.3794792447380529,-0.9251972714598363,10.799991846084595,drone2
1753918663.640349,-0.08496695011854172,-0.0293685682117939,0.11999598145484924,-0.0014413363201732823,0.0023177104761937352,0.37810258115171724,-0.9257597422266384,11.000002384185791,drone2
1753918663.840346,-0.09172498434782028,-0.029584145173430443,0.11153855919837952,-0.0022358802089606,0.001782549488399095,0.3759086690993312,-0.9266522438907052,11.199999570846558,drone2
1753918664.0403352,-0.09987242519855499,-0.03206178918480873,0.10253706574440002,-0.001812717185935041,0.0011987209090116426,0.3737611818005798,-0.9275225130921823,11.399988651275635,drone2
1753918664.2403347,-0.10852935910224915,-0.03403680771589279,0.09633463621139526,-0.0011184859246900635,0.001278683914451357,0.3722847144769705,-0.9281170154638527,11.599988222122192,drone2
1753918664.4403331,-0.121687151491642,-0.03521612286567688,0.0938587486743927,-0.0007236021199262977,0.0015843561764438464,0.3715501370542741,-0.9284113269070042,11.799986600875854,drone2
1753918664.6403337,-0.13721880316734314,-0.03508579730987549,0.0917273759841919,-0.000539433151233533,0.001415257340271758,0.37137838864659223,-0.9284804055917137,11.999987125396729,drone2
1753918664.8403625,-0.15419025719165802,-0.03452932834625244,0.0886930525302887,-0.0006637533583763959,0.0007418420638283961,0.37144177750675256,-0.9284557075384863,12.200016021728516,drone2
1753918665.040352,-0.17128892242908478,-0.034724947065114975,0.08711105585098267,-0.000780539054905849,0.00019690456093267672,0.371450965519728,-0.9284522514969085,12.400005578994751,drone2
1753918665.2403371,-0.1863914281129837,-0.03514399006962776,0.08521422743797302,-0.0008108118108704018,0.00012448363936821388,0.3713382648468098,-0.928497348624815,12.599990606307983,drone2
1753918665.4403298,-0.20012614130973816,-0.03297947719693184,0.08329862356185913,-0.0008712001776162902,0.00016828310532189048,0.3711849767587757,-0.9285585037020043,12.799983263015747,drone2
1753918665.6403344,-0.21448998153209686,-0.03147119656205177,0.08042693138122559,-0.0014284370796231703,0.00039503924184719925,0.370947078872356,-0.928652849422396,12.999987840652466,drone2
1753918665.8403282,-0.23068282008171082,-0.03564447537064552,0.07493570446968079,-0.0012226708968369217,0.00045663060477304525,0.37048110331521955,-0.9288391384928142,13.199981689453125,drone2
1753918666.0403242,-0.24768292903900146,-0.04244011268019676,0.06959587335586548,4.4084286453413426e-05,7.91600338893589e-05,0.3699417290214014,-0.9290549935774627,13.399977684020996,drone2
1753918666.2403257,-0.2626674175262451,-0.04942230135202408,0.06523436307907104,0.0011340676022368996,-5.547945250625573e-05,0.3695082276110425,-0.9292268473522658,13.599979162216187,drone2
1753918666.4403257,-0.2748841941356659,-0.05366789177060127,0.061070144176483154,0.0009660671359860632,0.0002194911146723093,0.369371482161049,-0.9292814064476633,13.799979209899902,drone2
1753918666.640321,-0.28689044713974,-0.05628158152103424,0.05512276291847229,-0.00020880956391179287,0.0004894953096029544,0.36939122795957635,-0.9292738832352041,13.999974489212036,drone2
1753918666.8403277,-0.30140507221221924,-0.05883057788014412,0.05018579959869385,-0.0009855507514811078,0.00030589725783957913,0.36929863133339785,-0.9293102559654689,14.199981212615967,drone2
1753918667.0403214,-0.31787657737731934,-0.06536471843719482,0.04647660255432129,-0.0005077159139048728,-0.0003657295300523181,0.3690685727608012,-0.929401988581253,14.399974822998047,drone2
1753918667.2403173,-0.3369210660457611,-0.07393048703670502,0.043849408626556396,0.000605193749149728,-0.0008626239216195572,0.368751523092878,-0.9295273543821486,14.599970817565918,drone2
1753918667.440319,-0.3523707687854767,-0.07951824367046356,0.04363429546356201,0.0015701629782536124,-0.0013297456651823877,0.3685993729697536,-0.9295861913826697,14.799972534179688,drone2
1753918667.6403172,-0.3607196807861328,-0.08036459237337112,0.0445062518119812,0.0008577389246361326,-0.0008236913220958881,0.3686932340013874,-0.929550408708284,14.99997067451477,drone2
1753918667.8403232,-0.36365121603012085,-0.08073326200246811,0.04522675275802612,-0.0007844092798202313,0.00026438985604593625,0.36889918457663584,-0.9294690442172338,15.199976682662964,drone2
1753918668.0403278,-0.3664715886116028,-0.08146011084318161,0.0460774302482605,-0.0017136432600326993,0.0012534339597672522,0.3689275283322595,-0.9294557047396801,15.399981260299683,drone2
1753918668.2404182,-0.371564120054245,-0.08063007891178131,0.04527384042739868,-0.001621111274113627,0.0012009034078291612,0.36868187542571373,-0.9295534222079526,15.600071668624878,drone2
1753918668.4403799,-0.37771785259246826,-0.07902618497610092,0.04413071274757385,-0.0013881797393622895,0.0007473434520402626,0.3683877747168047,-0.9296709276216009,15.800033330917358,drone2
1753918668.640404,-0.3851599097251892,-0.076076440513134,0.04284316301345825,-0.001291878038884365,1.4420478363586079e-05,0.3680087270347219,-0.9298215393847546,16.000057458877563,drone2
1753918668.8403788,-0.3944694995880127,-0.07363630086183548,0.04141220450401306,-0.0013411789444986975,-0.0004020634422054013,0.3678360092495243,-0.9298897329856453,16.200032234191895,drone2
1753918669.0403745,-0.404130756855011,-0.07462747395038605,0.04094964265823364,-0.001074145690797753,-0.0005970948967621824,0.3678131867310557,-0.9298989842188934,16.400027990341187,drone2
1753918669.24043,-0.41184744238853455,-0.07824523001909256,0.04079937934875488,-0.0002982973455246517,-0.0005304777073670552,0.3678709279135156,-0.9298766463891825,16.600083589553833,drone2
1753918669.4403815,-0.4162762463092804,-0.08046742528676987,0.0413975715637207,0.0002987479237350338,-0.00010636848965037811,0.3680150912088471,-0.9298198113639657,16.800034999847412,drone2
1753918669.6403894,-0.4190713167190552,-0.08305227756500244,0.040412455797195435,-0.00013645708981712833,0.0006295789217075147,0.36811706550881923,-0.9297792871691224,17.00004291534424,drone2
1753918669.84038,-0.4207605719566345,-0.08567499369382858,0.037490904331207275,-0.0005049845233848298,0.001020501725312375,0.3681331234581019,-0.9297725015265121,17.20003342628479,drone2
1753918670.0403643,-0.4230350852012634,-0.08648835122585297,0.03349307179450989,-0.0006530883226774368,0.0010883480057135885,0.36803900954537705,-0.9298094643126562,17.400017738342285,drone2
1753918670.2403903,-0.4235842525959015,-0.08759535849094391,0.030921757221221924,-0.0009925235967829559,0.0009955220094155332,0.3679057412103856,-0.9298620635795978,17.600043773651123,drone2
1753918670.4403572,-0.42290806770324707,-0.0902327373623848,0.027011454105377197,-0.0008431851540344132,0.000748982183454709,0.3680793651528262,-0.9297936381710404,17.800010681152344,drone2
1753918670.6403487,-0.42390570044517517,-0.09411463886499405,0.021603822708129883,-0.0007057092392697326,0.0009083454834867033,0.36838747968886515,-0.9296716441180256,18.000002145767212,drone2
1753918670.8403692,-0.42732715606689453,-0.0967247262597084,0.014806479215621948,-0.0008366515744794687,0.0021389791506624166,0.36851811384582467,-0.929617801519053,18.20002269744873,drone2
1753918671.0403683,-0.4328210949897766,-0.09649844467639923,0.009750336408615112,-0.0014356937873517901,0.0019092470515055335,0.3680360171191327,-0.9298084949351405,18.40002179145813,drone2
1753918671.24036,-0.44003838300704956,-0.09642105549573898,0.009385555982589722,-0.001032325706737493,0.0004964409167901008,0.36744402248494873,-0.9300449387552865,18.600013494491577,drone2
1753918671.4403577,-0.44436725974082947,-0.09430596232414246,0.010218322277069092,-0.0010291430640279918,-0.00024266673647426376,0.36708400410496866,-0.9301872265158593,18.800011157989502,drone2
1753918671.64038,-0.4438028633594513,-0.09090476483106613,0.008277356624603271,-0.0015127929679419306,-3.0595813204715644e-05,0.367132704788423,-0.9301673542767864,19.000033378601074,drone2
1753918671.8403914,-0.4429396986961365,-0.08867527544498444,0.0037755072116851807,-0.002005340919452573,0.0008142967460886514,0.3673784209152416,-0.9300690678260591,19.200044870376587,drone2
1753918672.0403779,-0.4421382248401642,-0.0868917778134346,-0.0005082786083221436,-0.0021825154869260536,0.001326697962358544,0.36758816470685607,-0.9299851745240981,19.400031328201294,drone2
1753918672.2403824,-0.44152581691741943,-0.08468882739543915,-0.004010826349258423,-0.002019527943788045,0.0014514013497972313,0.36767869613745746,-0.929949602583955,19.600035905838013,drone2
1753918672.4403543,-0.44183796644210815,-0.08297153562307358,-0.00526738166809082,-0.0019775860672552607,0.0012332563412583047,0.36765692729020155,-0.9299585587892635,19.800007820129395,drone2
1753918672.640364,-0.44121795892715454,-0.08615078032016754,-0.006284862756729126,-0.0015837507682457828,0.0011422520757001725,0.36749529412616233,-0.9300234227891218,20.000017404556274,drone2
1753918672.840369,-0.44226887822151184,-0.09257540851831436,-0.005050748586654663,-0.0007655034136537776,0.0014919548910300928,0.36731454736632324,-0.9300952620924086,20.20002245903015,drone2
1753918673.0403593,-0.443937748670578,-0.1003730371594429,-0.004572451114654541,0.0003212217531764643,0.0016067354532995916,0.36718937122624595,-0.9301448267862574,20.400012731552124,drone2
1753918673.240385,-0.44590994715690613,-0.10844319313764572,-0.005742430686950684,0.0008773295394653763,0.0017426545534127641,0.36714218782933805,-0.9301628445639958,20.600038528442383,drone2
1753918673.440368,-0.4484529197216034,-0.1140400841832161,-0.00630795955657959,0.0008631866376119393,0.0014883324023278067,0.36716541074286746,-0.930154120166354,20.800021409988403,drone2
1753918673.6403546,-0.4510047137737274,-0.11594283580780029,-0.004505544900894165,0.00021624444908892318,0.001251461269114074,0.3672693659447196,-0.9301138067057533,21.00000810623169,drone2
1753918673.840352,-0.45426541566848755,-0.11579395830631256,-0.0018536746501922607,-0.0005524509297950812,0.0007743026384153212,0.3673882411309446,-0.9300672555115731,21.200005531311035,drone2
1753918674.0403528,-0.4594446122646332,-0.11731655150651932,0.001619786024093628,-0.0009682773965704272,0.0003218478437879128,0.36743114662272863,-0.9300502281847747,21.40000629425049,drone2
1753918674.2403622,-0.46783769130706787,-0.12249605357646942,0.005176067352294922,-0.0006121234586607924,-8.497907721843656e-05,0.36741521511399156,-0.9300568030931424,21.60001564025879,drone2
1753918674.4403558,-0.4771277606487274,-0.1326713114976883,0.008766651153564453,0.0004397938854506734,-0.00036523405248324554,0.3673682003044777,-0.9300754109267599,21.80000925064087,drone2
1753918674.6403742,-0.4861004948616028,-0.14265215396881104,0.010643869638442993,0.0016866089584247682,-0.00014163209719698363,0.36734312292961363,-0.9300839667370077,22.000027656555176,drone2
1753918674.8403502,-0.49543577432632446,-0.14815689623355865,0.01063963770866394,0.0019797550247514016,-0.00028648776976057715,0.36734065733897575,-0.930084409278917,22.200003623962402,drone2
1753918675.0403452,-0.5013414621353149,-0.1504317820072174,0.010220646858215332,0.0012260026792980337,-0.00034291392115612374,0.36741268630308094,-0.9300572245616275,22.399998664855957,drone2
1753918675.240347,-0.5043283104896545,-0.1497325599193573,0.008547544479370117,0.0001879233206430507,-0.00018436625422166083,0.36753661911112717,-0.9300089874935068,22.600000381469727,drone2
1753918675.4403503,-0.505987823009491,-0.14711908996105194,0.00797763466835022,-0.0005981972128056029,0.000490016388089775,0.36802164504379054,-0.9298168821579942,22.80000376701355,drone2
1753918675.6403973,-0.5048015713691711,-0.14673367142677307,0.007595747709274292,-0.0005540550721882216,0.00046652831264310896,0.3682742100334921,-0.929716973053599,23.00005078315735,drone2
1753918675.8403568,-0.49878990650177,-0.15040238201618195,0.005434155464172363,-0.000358312255795966,0.0008226716623918265,0.3672655516549294,-0.9301156822405121,23.200010299682617,drone2
1753918676.0403626,-0.49519407749176025,-0.153376504778862,0.0066179633140563965,8.105341108835717e-05,0.0018338468334279253,0.3671941338201276,-0.9301425930032864,23.40001606941223,drone2
1753918676.2403374,-0.4952531158924103,-0.1540420651435852,0.007990628480911255,0.00047934639787236983,0.0028820768222030686,0.365849965453994,-0.9306692810957027,23.599990844726562,drone2
1753918676.440356,-0.49819183349609375,-0.152948796749115,0.010304123163223267,0.0001688596198795986,0.0021965813802311573,0.3620109143902579,-0.9321712894095098,23.80000948905945,drone2
1753918676.6403317,-0.5012117624282837,-0.15277010202407837,0.011844396591186523,-0.0004133248825641588,0.0008128080239102938,0.35764930562525954,-0.933855561769702,23.999985218048096,drone2
1753918676.840332,-0.5021079778671265,-0.15159818530082703,0.01291811466217041,-0.0005055821216565493,0.0004521033479450977,0.35559041100207806,-0.9346416215678545,24.19998550415039,drone2
1753918677.040335,-0.5008519887924194,-0.1492680162191391,0.015532076358795166,-0.0004076352856760824,0.00044764997029291865,0.3555600863445745,-0.9346533173183162,24.399988412857056,drone2
1753918677.2403781,-0.4980947971343994,-0.14592285454273224,0.01834067702293396,-0.00032378403152473863,0.0004276190387144649,0.35560627929054245,-0.9346356999356387,24.60003161430359,drone2
1753918677.4403307,-0.4989197850227356,-0.14288048446178436,0.022301822900772095,-0.0002965630479833622,0.00044470699791151124,0.35561576233145736,-0.9346320331598181,24.799984216690063,drone2
1753918677.6403244,-0.5020506381988525,-0.14077606797218323,0.026580870151519775,-0.0003428622459917619,0.0005297824901618542,0.3556296075711932,-0.9346267858771786,24.999977827072144,drone2
1753918677.8403425,-0.5060268640518188,-0.14001871645450592,0.02990618348121643,-0.0003858024759986481,0.0005719656409387508,0.35560356081881356,-0.9346366482397302,25.19999599456787,drone2
1753918678.0403254,-0.5091899633407593,-0.14088919758796692,0.03182142972946167,-0.0004350573143666956,0.000577215568046147,0.35559698591044586,-0.9346391770506408,25.39997887611389,drone2
1753918678.240322,-0.5102142691612244,-0.14078781008720398,0.03271928429603577,-0.0004410403764373616,0.0005479799579431192,0.3556305558752847,-0.9346264276289664,25.5999755859375,drone2
1753918678.440335,-0.5100719332695007,-0.1399460732936859,0.03416675329208374,-0.0004047810495946862,0.000555790985221576,0.3556853678517732,-0.9346055860123776,25.799988508224487,drone2
1753918678.6403174,-0.511478066444397,-0.14084696769714355,0.034651219844818115,-0.0004051301810814964,0.0005586533283460071,0.35571476527860957,-0.934594311730401,25.99997091293335,drone2
1753918678.840331,-0.5129412412643433,-0.1434106081724167,0.03272399306297302,-0.00042738302768146664,0.0005506774797249116,0.35570216337090477,-0.9345991586179798,26.199984550476074,drone2
1753918679.0403337,-0.5137328505516052,-0.14872007071971893,0.03209942579269409,-0.00047988348593625045,0.0005040750284016845,0.35570804285627206,-0.9345969880552815,26.39998722076416,drone2
1753918679.2403355,-0.5142673254013062,-0.15477201342582703,0.030713826417922974,-0.0005300389572334897,0.0004462840628066398,0.3557162614917317,-0.9345938270416432,26.59998893737793,drone2
1753918679.4403179,-0.5120914578437805,-0.1611074060201645,0.027663826942443848,-0.0005517463334754494,0.0003842251950186739,0.35574030626880715,-0.9345847022489406,26.799971342086792,drone2
1753918679.640316,-0.5092934370040894,-0.16665087640285492,0.024408847093582153,-0.0004918704789928987,0.0005418840429522766,0.3568973004807039,-0.9341433615247587,26.999969482421875,drone2
1753918679.8403258,-0.5063748955726624,-0.1705942153930664,0.019379377365112305,0.0001252736046645718,0.0020676361429804264,0.36194908496349243,-0.9321956081411005,27.199979305267334,drone2
1753918680.0403173,-0.5040321350097656,-0.1723283976316452,0.012240111827850342,0.0007784211757682452,0.0045593036616587,0.36771289830502396,-0.9299278758835475,27.399970769882202,drone2
1753918680.2403166,-0.5019313097000122,-0.16959863901138306,0.0058585405349731445,-0.0010466037131126459,0.005792487686498187,0.36997055746578283,-0.9290249007276259,27.59997010231018,drone2
1753918680.4403813,-0.5038188099861145,-0.16591131687164307,0.0006287097930908203,-0.004152867710294863,0.004809143985197001,0.37178670731496577,-0.9282964767448121,27.800034761428833,drone2
1753918680.6403968,-0.51111900806427,-0.16399690508842468,-0.00431177020072937,-0.003466392909742003,0.0020849706807918008,0.37646755738400983,-0.926420920912653,28.00005030632019,drone2
1753918680.8404055,-0.521064043045044,-0.1652805507183075,-0.0074495673179626465,-0.0007546783413496223,-0.00024794760488377836,0.38155027765360544,-0.9243477385078265,28.200058937072754,drone2
1753918681.0404115,-0.5304098725318909,-0.1695883870124817,-0.010108888149261475,0.0008915744951380328,-0.001014089498017596,0.3847447137427916,-0.9230220093879162,28.400064945220947,drone2
1753918681.2404249,-0.5390297770500183,-0.17545205354690552,-0.01337459683418274,0.0013938561666464932,-0.0008328362557134406,0.38526141303211087,-0.9228060700095707,28.600078344345093,drone2
1753918681.4403756,-0.5471480488777161,-0.1815878450870514,-0.01598566770553589,0.0015191743053833823,-0.0006344611648944725,0.38352601654467483,-0.923528593433593,28.800029039382935,drone2
1753918681.6403823,-0.5540744066238403,-0.18655537068843842,-0.016395315527915955,0.001580846381170488,-0.0004953258157223755,0.38057708584806466,-0.9247476488799221,29.000035762786865,drone2
1753918681.8403974,-0.5597733855247498,-0.18931934237480164,-0.01414787769317627,0.0011954491158393727,-0.0005114269614088464,0.37758472282406386,-0.9259742275387104,29.200050830841064,drone2
1753918682.0403967,-0.5638362765312195,-0.18836186826229095,-0.010290175676345825,0.0006911363541565618,-0.0006658100803377687,0.3753228279050298,-0.9268937453326727,29.400050163269043,drone2
1753918682.2403984,-0.5650362372398376,-0.18497291207313538,-0.004734665155410767,0.0004535098035087458,-0.003452593603485607,0.38199199769942377,-0.9241591524341646,29.600051879882812,drone2
1753918682.4403632,-0.5621041059494019,-0.1820044070482254,-0.0031669139862060547,-0.005567672445273969,0.0006031714515735262,0.46337893194653684,-0.8861425897102169,29.80001664161682,drone2
1753918682.6403697,-0.5602160692214966,-0.18451988697052002,-0.02874155342578888,-0.00017002532597674584,-0.003614934208962608,0.6120841402609778,-0.7907843334299548,30.000023126602173,drone2
1753918682.8403742,-0.5570563673973083,-0.18209469318389893,-0.03726544976234436,-0.00047321767398830484,-3.552067656914633e-05,0.6655138028511814,-0.7463854760701805,30.20002770423889,drone2
1753918683.0403607,-0.5574857592582703,-0.18558336794376373,-0.03475123643875122,0.0025596673261265752,-0.0025793430231055305,0.655791417886071,-0.7549334812483832,30.4000141620636,drone2
1753918683.240433,-0.5625123381614685,-0.19608542323112488,-0.0339861661195755,0.0026842585822143645,-0.002441424472537441,0.6251319458179122,-0.7805107177357045,30.600086450576782,drone2
1753918683.4403942,-0.5706120729446411,-0.2116393893957138,-0.03300832211971283,0.004686206670072092,-0.003450989882972562,0.581491154846345,-0.8135320201690728,30.800047636032104,drone2
1753918683.6403766,-0.575591504573822,-0.2322334200143814,-0.03290535509586334,0.008479276839171788,-0.005318310616059273,0.5280174988488301,-0.8491746089670837,31.000030040740967,drone2
1753918683.8403828,-0.5733014941215515,-0.2563692629337311,-0.030450835824012756,0.01739937810363113,-0.009216807175441911,0.4661323644863292,-0.8844959334123204,31.20003628730774,drone2
1753918684.0403936,-0.5622004866600037,-0.2712647318840027,-0.028158709406852722,0.017328272418926212,-0.007116517761577697,0.3825977743530709,-0.9237250820413507,31.400047063827515,drone2
1753918684.2403688,-0.5454160571098328,-0.27235209941864014,-0.026068001985549927,0.011215646820034684,-0.0029929764582098547,0.2757845947034271,-0.9611494604702961,31.600022315979004,drone2
1753918684.4403553,-0.5236958265304565,-0.26013654470443726,-0.012808814644813538,0.028084102060790827,0.000466736834587723,0.13187972277355858,-0.9908677301909339,31.80000877380371,drone2
1753918684.6403565,-0.49982258677482605,-0.22356851398944855,0.00716891884803772,0.014658276151206186,0.00441457945104254,-0.04918895469433665,-0.9986721464233932,32.00001001358032,drone2
1753918684.8403723,-0.4829707145690918,-0.17288528382778168,0.016509056091308594,-0.011612348434015039,0.0049737495927706776,-0.1994736583035719,-0.9798217998395018,32.20002579689026,drone2
1753918685.0403566,-0.47137144207954407,-0.13842301070690155,0.03001895546913147,-0.01831345549677663,0.01291647680015515,-0.2786096558122636,-0.9601429515810076,32.400010108947754,drone2
1753918685.24037,-0.46469178795814514,-0.12844327092170715,0.04503321647644043,-0.009128592689635184,0.009545485237071528,-0.2873713323415266,-0.9577282532626972,32.6000235080719,drone2
1753918685.440363,-0.4623705744743347,-0.13167963922023773,0.05021017789840698,0.0012953145710813188,0.00545579264808514,-0.25118569193716483,-0.9679226908336637,32.80001640319824,drone2
1753918685.6403491,-0.46474790573120117,-0.13503073155879974,0.04605567455291748,0.006866395807364758,0.0027993075733992344,-0.20196672868668836,-0.9793642536520676,33.00000262260437,drone2
1753918685.840349,-0.4684574007987976,-0.13199388980865479,0.04150158166885376,0.006474558038484117,0.0012534881044735532,-0.1640775548123649,-0.9864254523578857,33.20000243186951,drone2
1753918686.0403652,-0.47472628951072693,-0.12254595011472702,0.04144394397735596,0.0022284740322082875,0.00022554466158488062,-0.14790277446564204,-0.988999360396446,33.4000186920166,drone2
1753918686.24034,-0.4819961190223694,-0.11326318234205246,0.04211306571960449,-0.002245809640154348,-0.0007992655911709366,-0.15142612456060722,-0.9884657391474496,33.59999346733093,drone2
1753918686.440347,-0.4864743947982788,-0.10872193425893784,0.04113355278968811,-0.004264480529424319,-0.0012930371595364417,-0.16607594763450895,-0.9861029025262318,33.80000042915344,drone2
1753918686.6403463,-0.4877144396305084,-0.1078115701675415,0.039444923400878906,-0.0035840435324543487,-0.00109629550605146,-0.18272858894964827,-0.9831562477594413,33.99999976158142,drone2
1753918686.8403394,-0.486467570066452,-0.10937169194221497,0.037596434354782104,-0.001969756590440785,-0.0006204459795165133,-0.19534895697405336,-0.9807317081520035,34.19999289512634,drone2
1753918687.040339,-0.48129990696907043,-0.11198385804891586,0.033593714237213135,-0.0005714663818835286,9.139101640003304e-05,-0.20182852917042116,-0.9794206882822236,34.3999924659729,drone2
1753918687.2403417,-0.47490590810775757,-0.11481283605098724,0.029460877180099487,0.000540106214590072,0.0008455372846565125,-0.20298128762404266,-0.9791821792665005,34.599995136260986,drone2
1753918687.4403424,-0.46795088052749634,-0.11370540410280228,0.02786591649055481,0.0007248863228760026,0.0014596501959861972,-0.2010769244209264,-0.9795740606639549,34.79999589920044,drone2
1753918687.6403637,-0.46342843770980835,-0.10884201526641846,0.02903875708580017,0.0001386497137565637,0.0018595131117182084,-0.19854773418863608,-0.9800894744743945,35.000017166137695,drone2
1753918687.840417,-0.46105828881263733,-0.09965856373310089,0.030187278985977173,-0.0012107175319953942,0.0016533399484260267,-0.1969424028757047,-0.9804128672430187,35.20007038116455,drone2
1753918688.040361,-0.4577040672302246,-0.09023674577474594,0.030544400215148926,-0.002391542782115795,0.0014230440116932157,-0.19675143550510182,-0.9804494928543745,35.40001440048218,drone2
1753918688.24036,-0.4524625837802887,-0.08505189418792725,0.030710339546203613,-0.0024650460627381587,0.001492388913019923,-0.19778706786671152,-0.9802408659542456,35.60001349449158,drone2
1753918688.4403348,-0.4475252032279968,-0.08325378596782684,0.03026282787322998,-0.0015601028877134347,0.0017595580738437027,-0.19945431290010546,-0.9799043655157347,35.79998826980591,drone2
1753918688.6403322,-0.44393035769462585,-0.08431491255760193,0.02866092324256897,-0.0003193832615461965,0.0015924610071807231,-0.20129225266996859,-0.9795298486198669,35.999985694885254,drone2
1753918688.8403423,-0.44268089532852173,-0.08638273179531097,0.02693277597427368,0.0003123433795969743,0.0012560175739287172,-0.2028649623221525,-0.9792058657953636,36.19999575614929,drone2
1753918689.0403433,-0.4430325925350189,-0.08923204988241196,0.02602556347846985,0.00044483591828874385,0.0006705947508952602,-0.20396781890713706,-0.9789773034358891,36.399996757507324,drone2
1753918689.240366,-0.4432641267776489,-0.09003807604312897,0.025423645973205566,0.0004238860817434414,0.0004927081861937529,-0.20469093238703856,-0.9788264598650686,36.600019454956055,drone2
1753918689.4403179,-0.4445089101791382,-0.0907820388674736,0.02605372667312622,9.188425594675433e-05,0.00039393415271405286,-0.20508369886831151,-0.9787443156573208,36.79997134208679,drone2
1753918689.6403353,-0.44687455892562866,-0.092989481985569,0.02626398205757141,5.766680808962703e-05,0.0002285681011595798,-0.2053090159204508,-0.9786971954806858,36.99998879432678,drone2
1753918689.8403192,-0.4484621286392212,-0.09585130959749222,0.024777084589004517,0.00010922048835263974,-9.641997417113173e-05,-0.20548860364195576,-0.9786595583449653,37.19997262954712,drone2
1753918690.0403166,-0.4475346803665161,-0.09904736280441284,0.02269721031188965,0.0005693354141739048,4.088509781318753e-05,-0.2057019088422693,-0.9786145876576043,37.399970054626465,drone2
1753918690.2403195,-0.4458130896091461,-0.10031311213970184,0.020813852548599243,0.0007679743138068676,0.00044656606905758346,-0.2060057876200329,-0.9785504401541707,37.59997296333313,drone2
1753918690.4403148,-0.4449231028556824,-0.10015347599983215,0.01969146728515625,0.00024576699938182644,0.0008730337713217794,-0.20637655344638323,-0.9784722577501831,37.799968242645264,drone2
1753918690.640318,-0.445306658744812,-0.100418820977211,0.019394874572753906,-5.630613165889434e-05,0.0007816839345330837,-0.206789676855487,-0.9783851823611596,37.99997138977051,drone2
1753918690.84033,-0.44670093059539795,-0.10001207888126373,0.01988866925239563,-0.00024414348137434506,0.00042067551520333824,-0.20716297149274798,-0.9783063256075957,38.19998335838318,drone2
1753918691.0403168,-0.4509543180465698,-0.0986677035689354,0.020633190870285034,-0.0004653943195797715,0.0001909546010133334,-0.20751831157254336,-0.9782309248956097,38.399970293045044,drone2
1753918691.2403228,-0.45674437284469604,-0.0998198390007019,0.021245956420898438,-0.0006384924553898071,-0.0003310684650060836,-0.2077526901971124,-0.9781811494675183,38.59997630119324,drone2
1753918691.4403193,-0.463066041469574,-0.10445163398981094,0.022249042987823486,-0.00023224611339554997,-0.0007438557180078156,-0.2078122015472098,-0.978168421119268,38.79997277259827,drone2
1753918691.6403186,-0.4687676429748535,-0.10976291447877884,0.024225354194641113,0.0007076298122990656,-0.0009670694510168639,-0.20785873166796587,-0.9781581372882313,38.999972105026245,drone2
1753918691.8403141,-0.4731668531894684,-0.11250044405460358,0.025703102350234985,0.0010872963924524416,-0.0007058103258516698,-0.2079936437300492,-0.9781292666970014,39.19996762275696,drone2
1753918692.0403159,-0.4780658483505249,-0.11163751035928726,0.027235060930252075,0.0006269329721925418,-0.0002603445406103868,-0.20823451296928897,-0.9780786483319399,39.39996933937073,drone2
1753918692.240372,-0.48342305421829224,-0.10967794805765152,0.02835974097251892,-0.0004220456582110828,-0.00018272165250027303,-0.20848343225659427,-0.9780258804776041,39.60002541542053,drone2
1753918692.4403894,-0.48787352442741394,-0.10900008678436279,0.029541999101638794,-0.000890189843571346,-0.00013774734314435516,-0.20862142103861897,-0.9779960405088585,39.80004286766052,drone2
1753918692.6404316,-0.4946528673171997,-0.11047933995723724,0.030317038297653198,-0.0005651616722695024,-0.00036369420049765875,-0.20869543090460407,-0.9779804461749093,40.00008511543274,drone2
1753918692.8404002,-0.5004286766052246,-0.11400175094604492,0.030528277158737183,0.00021307555349606418,-0.0007415119581039051,-0.20866150269155287,-0.9779876532860048,40.200053691864014,drone2
1753918693.040386,-0.5057637691497803,-0.1179346889257431,0.0322880744934082,0.0010207461224980593,-0.0008847639358788284,-0.2086413143511161,-0.9779914043555222,40.40003943443298,drone2
1753918693.2404127,-0.5075434446334839,-0.1173122227191925,0.03543883562088013,0.0008556380608994675,-0.0006678226695273096,-0.20874027515141969,-0.9779704995186609,40.60006618499756,drone2
1753918693.4403896,-0.5064938068389893,-0.11267603188753128,0.03689855337142944,6.275575322031516e-05,8.799126880159489e-05,-0.20893625799699533,-0.9779293641945142,40.8000431060791,drone2
1753918693.6404023,-0.5045859217643738,-0.10737934708595276,0.036377668380737305,-0.0008408213393922448,0.0009312136010176896,-0.20915913053192092,-0.9778808953187266,41.00005578994751,drone2
1753918693.8404243,-0.5040578842163086,-0.1024237647652626,0.03358358144760132,-0.001259439103658344,0.0013573485788141064,-0.209275371540114,-0.977855017153741,41.2000777721405,drone2
1753918694.0404208,-0.5048227310180664,-0.0995696485042572,0.029271870851516724,-0.0011888647717635387,0.0010309033843672107,-0.20925463529064664,-0.9778599061881683,41.40007424354553,drone2
1753918694.2404525,-0.5066213011741638,-0.09968876838684082,0.024996519088745117,-0.0005762152347581988,0.0005698096012691405,-0.2091355282967549,-0.977886374409033,41.60010600090027,drone2
1753918694.44041,-0.5092002749443054,-0.10470150411128998,0.02294597029685974,0.00012373772452562465,7.435349245151638e-05,-0.2090291075042649,-0.9779095130288655,41.800063371658325,drone2
1753918694.6404252,-0.514051616191864,-0.10976191610097885,0.02329602837562561,0.0012410552780712232,-0.00040144609788816114,-0.20902586219692953,-0.9779092180009259,42.0000786781311,drone2
1753918694.8404303,-0.5194786787033081,-0.10916373878717422,0.024812400341033936,0.0011998039060345746,-0.0007231445755498226,-0.20915601166513115,-0.9778814010809088,42.20008373260498,drone2
1753918695.0403993,-0.5254215002059937,-0.10277824848890305,0.02518153190612793,-5.777073464464789e-05,-0.000743792682950692,-0.20941546766456426,-0.9778264415904506,42.40005278587341,drone2
1753918695.2404332,-0.5314895510673523,-0.09486021846532822,0.025827527046203613,-0.0016068845724715108,-0.0006496056717854796,-0.20962160790063106,-0.9777810494346043,42.60008668899536,drone2
1753918695.4404168,-0.5364029407501221,-0.08821213245391846,0.02696952223777771,-0.002219697609550259,-0.0005796516167888882,-0.20969329968994804,-0.9777644857231396,42.80007028579712,drone2
1753918695.6404102,-0.5391275882720947,-0.08171337097883224,0.02840694785118103,-0.002025353222710463,-0.0004590047812013111,-0.2095888176524895,-0.977787455755578,43.00006365776062,drone2
1753918695.8404138,-0.5409689545631409,-0.07654251158237457,0.03015679121017456,-0.0013807811770307082,-7.765766749186868e-05,-0.2094271423416017,-0.9778232805768123,43.20006728172302,drone2
1753918696.0404203,-0.5439062118530273,-0.0722150206565857,0.03346177935600281,-0.0010058671788245903,0.0002275239582626576,-0.20929492767782304,-0.9778520668743452,43.400073766708374,drone2
1753918696.2404394,-0.5474833250045776,-0.07100048661231995,0.03589323163032532,-0.0008907196426280182,-4.6539998923574056e-05,-0.20925876568180068,-0.9778599061881683,43.60009288787842,drone2
1753918696.440425,-0.549376368522644,-0.07385307550430298,0.03848308324813843,-0.00035272778357670737,-0.00034022559262990006,-0.20928826847575838,-0.9778539213356797,43.80007839202881,drone2
1753918696.6404753,-0.5474215149879456,-0.07842890173196793,0.039919883012771606,0.000506082492005629,-0.00031781842602837614,-0.20937230929168904,-0.977835882484517,44.000128746032715,drone2
1753918696.8404267,-0.5419790744781494,-0.08251924067735672,0.03963726758956909,0.0011963068906405755,0.0003634078674036848,-0.2094381848159116,-0.9778210889406898,44.200080156326294,drone2
1753918697.0404043,-0.5363534092903137,-0.08458530157804489,0.037160277366638184,0.001280377712148553,0.0012651111674421506,-0.2095223942192363,-0.9778022071525568,44.400057792663574,drone2
1753918697.2404408,-0.534305214881897,-0.08706342428922653,0.03544968366622925,0.000768678832953314,0.0014576709816264868,-0.20961768824371946,-0.9777820188121201,44.60009431838989,drone2
1753918697.4404073,-0.535166323184967,-0.09079737961292267,0.032522737979888916,0.0005385290828115171,0.0006745090777121621,-0.20969709290631394,-0.977766087303383,44.800060749053955,drone2
1753918697.6403875,-0.5356432199478149,-0.0938652902841568,0.026712894439697266,0.0005734920647902284,-8.270555520216742e-05,-0.20973477218888276,-0.977758163695863,45.000041007995605,drone2
1753918697.8403919,-0.5356965661048889,-0.09758907556533813,0.02032223343849182,0.0005051542426523537,-0.0002630468162603461,-0.20966257463738353,-0.9777736315892664,45.200045347213745,drone2
1753918698.0404081,-0.5352709293365479,-0.1024833470582962,0.015301614999771118,0.0008642504751055918,4.0249046716055775e-05,-0.2096262862008157,-0.97778117587515,45.40006160736084,drone2
1753918698.240395,-0.5372101664543152,-0.10642227530479431,0.013014942407608032,0.0011351321805931239,0.00020135113576867796,-0.209577227269149,-0.9777914597061865,45.600048542022705,drone2
1753918698.4403968,-0.5414130091667175,-0.10898250341415405,0.013538271188735962,0.0009269324288956886,-0.00022882273150934938,-0.20959202081297634,-0.9777884672799424,45.800050258636475,drone2
1753918698.6404107,-0.5424278378486633,-0.1105770617723465,0.014843136072158813,0.00039285010356341054,-0.0003879904000910015,-0.2095958140293423,-0.9777879615177602,46.00006413459778,drone2
1753918698.8403964,-0.5410167574882507,-0.10948734730482101,0.01574021577835083,-3.980803283559966e-05,7.654401213534673e-05,-0.20959290589679508,-0.9777887623078819,46.20004987716675,drone2
1753918699.0403585,-0.5400702953338623,-0.10673116892576218,0.01898813247680664,-0.0002666350606482169,0.000920315106145772,-0.2095518127194969,-0.9777970652370385,46.40001201629639,drone2
1753918699.2403522,-0.5429604649543762,-0.10246439278125763,0.02312341332435608,-0.0007365895231223771,0.001100016035567517,-0.20956100073247236,-0.977794705013522,46.60000562667847,drone2
1753918699.4403603,-0.5506756901741028,-0.10112549364566803,0.024884134531021118,-0.0011501182663708237,0.0002634508127366231,-0.20966813802138706,-0.9777718614216291,46.80001378059387,drone2
1753918699.6403475,-0.559648871421814,-0.10301177203655243,0.02504822611808777,-0.0009572797958948991,-0.0008275256396136906,-0.20969376330528167,-0.9777662980376256,47.000000953674316,drone2
1753918699.8403692,-0.5677531957626343,-0.10622940957546234,0.026286035776138306,-0.00026511248516624525,-0.00165431821629249,-0.2096502256107699,-0.9777750224352674,47.20002269744873,drone2
1753918700.040346,-0.5730468034744263,-0.11070141196250916,0.02967846393585205,0.0004996615492859444,-0.0016997906734096651,-0.20960318972783176,-0.9777848847978188,47.399999380111694,drone2
1753918700.2403507,-0.5764949321746826,-0.11453942209482193,0.03168904781341553,0.000837810180643792,-0.0012767069226792542,-0.20955214989428506,-0.9777963065937654,47.60000419616699,drone2
1753918700.4403465,-0.5793054103851318,-0.11512601375579834,0.03146049380302429,0.0008285776335960647,-0.000786701652672965,-0.20958772183442825,-0.9777892259232155,47.799999952316284,drone2
1753918700.6403558,-0.5801164507865906,-0.11394751816987991,0.029321730136871338,9.669538661667546e-05,-0.00041995323593454695,-0.20964116403834004,-0.9777783520362997,48.000009298324585,drone2
1753918700.8403437,-0.5799244046211243,-0.11172467470169067,0.026896387338638306,-0.0004992949869490432,-0.00012545474556319096,-0.2097063652129864,-0.9777643171357455,48.19999718666077,drone2
1753918701.0403452,-0.5799641609191895,-0.10876637697219849,0.025909483432769775,-0.0008814409151466686,5.326966525079492e-05,-0.2097528531868939,-0.9777541597452544,48.39999866485596,drone2
1753918701.240351,-0.5807589888572693,-0.10675514489412308,0.026298999786376953,-0.0008618958903761859,-7.972586767756485e-06,-0.2097182506242664,-0.9777615354437438,48.60000443458557,drone2
1753918701.440347,-0.5827273726463318,-0.10490764677524567,0.02731180191040039,-0.0007373823901304724,-8.672078338540141e-05,-0.20965835995253246,-0.9777744745262367,48.80000042915344,drone2
1753918701.640361,-0.5843706727027893,-0.10352380573749542,0.026742607355117798,-0.0007130220673381043,-0.000404024834704326,-0.20961777253741648,-0.9777831146301814,49.000014543533325,drone2
1753918701.8403327,-0.58314448595047,-0.10406629741191864,0.02587112784385681,-0.00047166983715052926,-0.0002610313099243911,-0.20955598525749952,-0.9777965173280079,49.19998621940613,drone2
1753918702.0403316,-0.5840466022491455,-0.10559526830911636,0.02596372365951538,-7.422919924969786e-05,-5.308909350415835e-05,-0.2095465022165846,-0.9777986668172819,49.39998507499695,drone2
1753918702.240354,-0.5855695009231567,-0.10845041275024414,0.028609246015548706,0.00023932289698946465,-0.0003070103189626186,-0.20954093883258113,-0.9777997626353432,49.6000075340271,drone2
1753918702.4403367,-0.5854719281196594,-0.11226814985275269,0.03249979019165039,0.0004768205041081293,-0.0003567458716695382,-0.20954393125882542,-0.9777990461389185,49.79999017715454,drone2
1753918702.6403363,-0.5849383473396301,-0.11704948544502258,0.036149173974990845,0.0005942171755946212,-0.0004949644857274914,-0.20957562568890564,-0.9777921340557627,49.9999897480011,drone2
1753918702.8403509,-0.5823237895965576,-0.12079089134931564,0.0391906201839447,0.0008852592385221612,-0.00015580405732679696,-0.20961975343929656,-0.9777825667211507,50.20000433921814,drone2
1753918703.0403473,-0.5777719616889954,-0.12397895753383636,0.042750924825668335,0.0008409217622849785,0.0003643645885171725,-0.20963319828397148,-0.9777797428823005,50.40000081062317,drone2
1753918703.2403245,-0.5758128762245178,-0.12988141179084778,0.04670828580856323,0.0009061979081076624,0.0005998245637478777,-0.20965334447755968,-0.9777751910226613,50.59997797012329,drone2
1753918703.4403267,-0.5766944289207458,-0.13617122173309326,0.04845502972602844,0.001175831219003218,0.00030797624169228707,-0.20968849494921782,-0.9777676045899293,50.79998016357422,drone2
1753918703.6403482,-0.5796921849250793,-0.13836464285850525,0.04827982187271118,0.0011651026646285125,-0.00032913021417272146,-0.20971997864505543,-0.9777607346536221,51.000001668930054,drone2
1753918703.840329,-0.5826374292373657,-0.13378548622131348,0.047992855310440063,9.945260957401969e-05,-0.0006893139711423454,-0.20976385351435523,-0.9777518416685863,51.19998240470886,drone2
1753918704.0403252,-0.5835760235786438,-0.12620121240615845,0.04816696047782898,-0.0014570856590358403,-0.0005118916262977365,-0.20972773366518144,-0.9777586273111966,51.39997863769531,drone2
1753918704.2403228,-0.5812298655509949,-0.12097294628620148,0.05022150278091431,-0.0022663915432526464,9.902130408032295e-05,-0.209617898977962,-0.9777807965535132,51.59997630119324,drone2
1753918704.4403188,-0.5775870680809021,-0.11789650470018387,0.05226600170135498,-0.0016405274711146969,0.0007457309440739578,-0.2094971904038268,-0.9778075176554692,51.79997229576111,drone2
1753918704.6402893,-0.5732117295265198,-0.11810362339019775,0.05264616012573242,-0.0005745742180528256,0.001116582237153719,-0.2094139082311693,-0.9778263994436021,51.999942779541016,drone2
1753918704.8403385,-0.5688093304634094,-0.11938520520925522,0.05314996838569641,0.0003045126268525522,0.0011943305574130874,-0.209377830528844,-0.9778340701700311,52.199991941452026,drone2
1753918705.0403163,-0.5647964477539062,-0.12185035645961761,0.05371317267417908,0.0005460033057331725,0.001080961688194029,-0.20941386608432083,-0.9778263572967536,52.399969816207886,drone2
1753918705.240319,-0.5606173276901245,-0.12446511536836624,0.05423259735107422,0.0006620748827720239,0.0009226377308868794,-0.20951763162535464,-0.9778041880544368,52.59997248649597,drone2
1753918705.4403152,-0.557391881942749,-0.12654460966587067,0.054711759090423584,0.0007006401649479483,0.0009733062173593752,-0.2096340833677902,-0.9777791949732699,52.79996871948242,drone2
1753918705.640314,-0.5565339922904968,-0.12919658422470093,0.05481719970703125,0.00043400305663782906,0.0007510154344782648,-0.2097387339926428,-0.9777570678778017,52.99996757507324,drone2
1753918705.8403156,-0.5583267211914062,-0.13124611973762512,0.0553361177444458,0.00036975721913252123,0.00020321272276052892,-0.20978463191067115,-0.9777475005431897,53.19996905326843,drone2
1753918706.04036,-0.5622335076332092,-0.13137221336364746,0.05483454465866089,0.00010367545420315335,-0.00034879212030361305,-0.20976646661896287,-0.9777515044937982,53.40001344680786,drone2
1753918706.2404447,-0.5670879483222961,-0.1324187070131302,0.05353569984436035,-0.0003609632267128124,-0.0008820264435323287,-0.20973485648257972,-0.9777578265210749,53.60009813308716,drone2
1753918706.4404223,-0.5710356831550598,-0.13456101715564728,0.05153149366378784,-0.0004475093929060919,-0.0011419363447675195,-0.2096660306789615,-0.9777722828901141,53.80007576942444,drone2
1753918706.6403837,-0.5705989599227905,-0.1374894678592682,0.050821900367736816,-0.0001250098164299852,-0.0009487581167742653,-0.20960753085322836,-0.9777851798257584,54.00003719329834,drone2
1753918706.8403733,-0.5666378736495972,-0.14053775370121002,0.050116777420043945,0.0003870382965065335,-0.0002049266208565614,-0.20955640672598458,-0.9777965173280079,54.200026750564575,drone2
1753918707.040373,-0.5614469647407532,-0.1428198218345642,0.04913437366485596,0.0007791226028424693,0.000663775579108768,-0.20952357433099467,-0.9778031343832241,54.40002655982971,drone2
1753918707.2403886,-0.5554867386817932,-0.14352299273014069,0.05041372776031494,0.0005947218522072896,0.0012213474899096897,-0.20952762042845174,-0.9778017856840717,54.60004210472107,drone2
1753918707.4403794,-0.5509456992149353,-0.14314258098602295,0.04993414878845215,0.0001554838400599358,0.0015594526573300103,-0.2095850244361236,-0.9777891416295184,54.8000328540802,drone2
1753918707.640393,-0.5504823327064514,-0.1431754231452942,0.045845746994018555,-0.00011518709002601005,0.0013122298629952972,-0.20967551371987642,-0.9777701334008401,55.000046491622925,drone2
1753918707.8403816,-0.5532047748565674,-0.1441599577665329,0.0406586229801178,-0.00024148205606339625,0.0006406391355600911,-0.20974463455143427,-0.9777559720597404,55.200035095214844,drone2
1753918708.040372,-0.5572660565376282,-0.14368675649166107,0.03699404001235962,-0.00019545114098436448,-0.00017699236865894262,-0.20973489862942823,-0.9777582901364085,55.400025367736816,drone2
1753918708.2404137,-0.5619887113571167,-0.1418207734823227,0.03312477469444275,-0.00033552507235603526,-0.0007452339693449599,-0.2096752608387854,-0.9777708077504161,55.600067138671875,drone2
1753918708.44035,-0.5662838220596313,-0.13768726587295532,0.03004920482635498,-0.000743785894282893,-0.0006922265462925865,-0.20964681171604055,-0.9777767504560563,55.80000352859497,drone2
1753918708.6403565,-0.5696103572845459,-0.13457374274730682,0.02796006202697754,-0.0011097519369938722,-0.000604576229906534,-0.20962384168360204,-0.9777813444625438,56.00001001358032,drone2
1753918708.840359,-0.5725346803665161,-0.1341700255870819,0.02814561128616333,-0.0010622127614154887,-0.0005261980735638276,-0.20959425459594744,-0.9777877507835177,56.20001244544983,drone2
1753918709.0403707,-0.5737897753715515,-0.1354379653930664,0.030582696199417114,-0.00041011603602136853,-0.0004000827110710218,-0.20954388911197686,-0.977799172579464,56.40002417564392,drone2
1753918709.2403681,-0.574762225151062,-0.13674312829971313,0.032964229583740234,0.0001424288743132021,-0.00031747099235162544,-0.2095159878982627,-0.9778051574319526,56.60002160072327,drone2
1753918709.440383,-0.575208842754364,-0.13963444530963898,0.03450220823287964,0.00036526447929757306,-0.0001510730221326593,-0.2095353333017292,-0.9778010691876471,56.80003643035889,drone2
1753918709.6403666,-0.5752276182174683,-0.14298443496227264,0.035800933837890625,0.0005353976316477536,-0.0001827244924734637,-0.20958713177854904,-0.9777899002727917,57.000020027160645,drone2
1753918709.8403509,-0.5742978453636169,-0.1457069218158722,0.03807497024536133,0.0005887187456881619,-9.605098023595311e-05,-0.2096513214288312,-0.9777761182533287,57.20000433921814,drone2
1753918710.0403497,-0.5725484490394592,-0.14651887118816376,0.03879964351654053,0.00048025609479212237,7.010700195864303e-05,-0.20968002343266706,-0.9777699226665975,57.40000319480896,drone2
1753918710.240377,-0.5703765749931335,-0.14360173046588898,0.03623509407043457,5.670623860732538e-06,0.0004275646110398932,-0.2096984837523148,-0.9777660451565344,57.60003042221069,drone2
1753918710.4403646,-0.5693760514259338,-0.13976331055164337,0.03177708387374878,-0.0006698679261259005,0.0006165115130710339,-0.2097125607997175,-0.9777627577023507,57.800018072128296,drone2
1753918710.6403718,-0.5692722797393799,-0.1387418806552887,0.027630627155303955,-0.0009436940947235211,0.00042650480713139034,-0.2096826786841232,-0.9777689532890816,58.000025272369385,drone2
1753918710.840357,-0.570370078086853,-0.1412866711616516,0.02641919255256653,-0.00055747548033434,5.823058392700812e-05,-0.20964744391876822,-0.9777769611902989,58.200010538101196,drone2
1753918711.040365,-0.5712489485740662,-0.14340803027153015,0.027134805917739868,0.00017914672820419736,-0.0003395417771195333,-0.20958312782794059,-0.9777908696503074,58.40001845359802,drone2
1753918711.240381,-0.5720393061637878,-0.14562928676605225,0.027905285358428955,0.00043253301551500565,-0.00028930066545320224,-0.20956593191374812,-0.9777944099855823,58.60003447532654,drone2
1753918711.4403522,-0.5745466947555542,-0.14858271181583405,0.027780532836914062,0.0004820447119655613,-0.00029836963107412236,-0.2096007452106181,-0.9777869078465473,58.80000567436218,drone2
1753918711.6403475,-0.5767473578453064,-0.1493310034275055,0.02676492929458618,0.00039617680288403284,-0.0004783180317466971,-0.2096511528414371,-0.9777760339596315,59.000000953674316,drone2
1753918711.8403509,-0.5778128504753113,-0.1485077142715454,0.025942444801330566,-8.792462332550985e-05,-0.0005513839230559841,-0.20966969745478198,-0.9777721564495685,59.20000433921814,drone2
1753918712.040375,-0.5768671631813049,-0.14673969149589539,0.026458293199539185,-0.0002835495936925498,-0.00020659429993252456,-0.20966404977708142,-0.9777735051487209,59.400028467178345,drone2
1753918712.2403703,-0.5749191045761108,-0.14499691128730774,0.02754145860671997,-0.0006264465753347036,0.00016896694205492156,-0.2096421755627043,-0.9777780148615116,59.60002374649048,drone2
1753918712.440366,-0.5701753497123718,-0.1427108496427536,0.026813417673110962,-0.0006560465020348174,0.0005819691815416755,-0.20958430793969884,-0.9777902795944282,59.80001950263977,drone2
1753918712.640368,-0.5652213096618652,-0.13910065591335297,0.02497914433479309,-0.0006268944061796479,0.0011320639805714008,-0.20955505802683227,-0.9777960958595228,60.00002145767212,drone2
1753918712.8403454,-0.5619873404502869,-0.13620831072330475,0.02558949589729309,-0.0006958168512044842,0.0012694014620776729,-0.209579292464726,-0.9777905746223678,60.19999885559082,drone2
1753918713.0403433,-0.5585419535636902,-0.13716459274291992,0.027232259511947632,-0.0007340525627234371,0.001099265212510353,-0.20959657267261556,-0.97778711858079,60.399996757507324,drone2
1753918713.2403488,-0.5556801557540894,-0.14555247128009796,0.03028973937034607,0.0002635974623667445,0.0008486218145240824,-0.20958283280000095,-0.9777905746223678,60.60000228881836,drone2
1753918713.4403727,-0.5550832748413086,-0.1573972851037979,0.03317612409591675,0.0016770852935455189,0.0004761583427502313,-0.2095709895355694,-0.9777918811746718,60.800026178359985,drone2
1753918713.6403391,-0.5562525987625122,-0.16671721637248993,0.03571265935897827,0.0025270110261953345,-9.80346397710925e-05,-0.20960403266480193,-0.9777831146301814,60.99999260902405,drone2
1753918713.8403354,-0.5551907420158386,-0.1683729588985443,0.03608617186546326,0.0020648677041869685,-0.0002346225329911532,-0.20967188909090445,-0.977769711932355,61.1999888420105,drone2
1753918714.0403323,-0.551888108253479,-0.1644894778728485,0.03532129526138306,0.000219119469195171,0.0003982551822134238,-0.20969157166915908,-0.9777674781493839,61.399985790252686,drone2
1753918714.2403305,-0.5512822866439819,-0.16072280704975128,0.03647315502166748,-0.0011238200554590605,0.0010415971053388592,-0.2097143731142035,-0.9777614511500468,61.59998393058777,drone2
1753918714.4403293,-0.5559134483337402,-0.15880073606967926,0.03650939464569092,-0.0015206532728711105,0.0009010978924836538,-0.20973721670609635,-0.9777563092345285,61.79998278617859,drone2
1753918714.6403568,-0.5642887353897095,-0.1581270843744278,0.03540980815887451,-0.0012084513980253615,-0.0003370323778372281,-0.20974037771973464,-0.977756351381377,62.0000102519989,drone2
1753918714.840352,-0.5743764042854309,-0.16095736622810364,0.03647163510322571,-0.0007536197722120326,-0.001620813653155012,-0.209681835747153,-0.9777681103521114,62.200005531311035,drone2
1753918715.0403411,-0.5822494626045227,-0.16532690823078156,0.037367671728134155,-3.264051158390023e-05,-0.002280710276489715,-0.2095562802854391,-0.9777940306639458,62.39999461174011,drone2
1753918715.240325,-0.5850337743759155,-0.16777466237545013,0.035685330629348755,0.00043061130546752737,-0.0018166420288845155,-0.20946288286913894,-0.9778148512071101,62.59997844696045,drone2
1753918715.4403203,-0.5830827951431274,-0.16645866632461548,0.033686310052871704,0.00038064323252806083,-0.0008334656390473895,-0.20946987924599175,-0.977814682619716,62.79997372627258,drone2
1753918715.6403167,-0.5805120468139648,-0.16319115459918976,0.03216704726219177,-0.000253531470650351,0.00039535811630083366,-0.20954178176955135,-0.9777995940479491,62.99997019767761,drone2
1753918715.8403165,-0.5810939073562622,-0.16175775229930878,0.031015336513519287,-0.0006962806131671547,0.0007732472976893617,-0.20963610641651875,-0.9777789420921787,63.19997000694275,drone2
1753918716.040314,-0.5829683542251587,-0.1631411463022232,0.030052632093429565,0.00010766181961537321,-0.006997420975125743,-0.20883451550469,-0.9779259924466333,63.399967432022095,drone2
1753918716.2403266,-0.5791470408439636,-0.1646842658519745,0.03048187494277954,-0.0006010910477341628,0.0003991454520701527,-0.20388086995865912,-0.9789955530212943,63.5999801158905,drone2
1753918716.4403238,-0.5734931230545044,-0.1651591658592224,0.029664039611816406,0.0004309837947048547,0.001837663675078167,-0.19648894493257596,-0.9805042837574387,63.79997730255127,drone2
1753918716.640332,-0.56871497631073,-0.16534453630447388,0.028059720993041992,0.0007474490455362518,0.001915977417536186,-0.19001413533008987,-0.9817791837780447,63.999985456466675,drone2
1753918716.8403192,-0.5653318166732788,-0.16472803056240082,0.027964800596237183,0.00040915576076132267,0.0016446270753131607,-0.1863493825583707,-0.9824821089175094,64.19997262954712,drone2
1753918717.0403142,-0.5630581378936768,-0.16393521428108215,0.028080761432647705,-0.00011273681054793454,0.0011675047468804101,-0.18570314493015305,-0.9826052198620099,64.39996767044067,drone2
1753918717.240315,-0.5617393851280212,-0.16227488219738007,0.028448104858398438,-0.0004361921409002827,0.0007765635040293264,-0.1870614535639622,-0.9823477869113053,64.59996843338013,drone2
1753918717.4403126,-0.5605326294898987,-0.16222843527793884,0.030456751585006714,-0.0007718439419151454,0.0005826602802713312,-0.1891696389264771,-0.981943935808874,64.79996609687805,drone2
1753918717.6403146,-0.557955265045166,-0.16650263965129852,0.03213447332382202,-0.00032052990072193227,0.0005932007687402176,-0.19091350693046388,-0.9816066767270897,64.9999680519104,drone2
1753918717.840382,-0.5564296841621399,-0.17003469169139862,0.03314441442489624,0.0004872860522699582,0.000658504671184937,-0.19176984659850826,-0.9814396066195925,65.200035572052,drone2
1753918718.0403998,-0.5555940270423889,-0.17038920521736145,0.03383907675743103,0.0009989369033769151,0.0005152213919663687,-0.19195175239668122,-0.9814037817983583,65.40005326271057,drone2
1753918718.2404037,-0.553733766078949,-0.16842713952064514,0.0347924530506134,0.00041602667459560253,0.0005654012178344255,-0.19163539815175845,-0.9814659062530633,65.60005712509155,drone2
1753918718.4403713,-0.5520206689834595,-0.16674832999706268,0.03777465224266052,-0.0002472433738505158,0.0008817742209859159,-0.19105984078849364,-0.9815780168701023,65.80002474784851,drone2
1753918718.6403985,-0.5527522563934326,-0.16360770165920258,0.03945872187614441,-0.0005301579737186343,0.0008222317443707733,-0.1905853937148066,-0.9816701920277956,66.00005197525024,drone2
1753918718.8403742,-0.5562359094619751,-0.1598997861146927,0.039228349924087524,-0.0007951199094365725,0.0004227987244356213,-0.19028341154522604,-0.9817288182940742,66.20002770423889,drone2
1753918719.0403798,-0.563497006893158,-0.1572725921869278,0.03728041052818298,-0.0010222656367769008,-0.00034580863585898777,-0.1902190111607014,-0.9817411251738395,66.40003323554993,drone2
1753918719.2404058,-0.5717918872833252,-0.1575007140636444,0.03346735239028931,-0.0010049386516478515,-0.0012137611806546794,-0.19025808128927096,-0.9817328222446828,66.60005927085876,drone2
1753918719.4403934,-0.5797736048698425,-0.1587504744529724,0.030302047729492188,-0.0005863043568856261,-0.0017838814564049318,-0.19034793837029612,-0.9817149519809142,66.80004692077637,drone2
1753918719.6403868,-0.5850047469139099,-0.1591769903898239,0.0281333327293396,-0.00015242761731630697,-0.0016260213819651085,-0.19041823931361235,-0.9817017178704819,67.00004029273987,drone2
1753918719.8403666,-0.5867360234260559,-0.16036300361156464,0.027194559574127197,-6.842186888063438e-05,-0.0007477735021833849,-0.19045414842854363,-0.9816958173116903,67.20002007484436,drone2
1753918720.0403671,-0.5864468812942505,-0.16230344772338867,0.027213484048843384,0.00012702783411013116,0.00010694323372671631,-0.19049393505353795,-0.9816883994663523,67.40002059936523,drone2
1753918720.2403858,-0.5860909223556519,-0.16249039769172668,0.027109622955322266,0.000272428359003149,0.0005241517699825112,-0.19052980202162068,-0.981681276648954,67.60003924369812,drone2
1753918720.4403682,-0.5877036452293396,-0.16263039410114288,0.026885986328125,0.0001401713425808047,0.0005087193556643807,-0.1905788188064389,-0.9816717093143421,67.80002164840698,drone2
1753918720.64037,-0.5904062390327454,-0.1637788712978363,0.02691665291786194,9.188258128864931e-05,-1.407315530162707e-05,-0.19062172429822294,-0.981663617119428,68.00002336502075,drone2
1753918720.840369,-0.5940393209457397,-0.16461560130119324,0.02632942795753479,-2.001670727425353e-05,-0.0005689068457556748,-0.19064659093884434,-0.9816586437913036,68.20002245903015,drone2
1753918721.0403738,-0.5983379483222961,-0.16561199724674225,0.024513721466064453,-8.429439672525612e-05,-0.0009490646692427323,-0.19063693931053538,-0.9816601189310015,68.40002727508545,drone2
1753918721.2403736,-0.5997125506401062,-0.16767734289169312,0.0230274498462677,-1.6685583357718214e-05,-0.0009571036043697407,-0.19058412930935126,-0.9816704449088867,68.60002708435059,drone2
1753918721.4403665,-0.5984365344047546,-0.16988152265548706,0.023319363594055176,0.0007330170014847778,-0.00963421474584233,-0.1890412596259129,-0.9819215979791631,68.80001997947693,drone2
1753918721.6403532,-0.5901896953582764,-0.16874688863754272,0.02340814471244812,9.15442720553861e-06,-0.008560474718461459,-0.18090228170997413,-0.9834638354598737,69.00000667572021,drone2
1753918721.8403523,-0.5742596983909607,-0.1639244705438614,0.023046135902404785,0.0005577190389048568,-0.004752393356574557,-0.16564461678684844,-0.9861738778191242,69.20000576972961,drone2
1753918722.040354,-0.5537787675857544,-0.158587247133255,0.022752612829208374,0.0009157896500254591,-0.0019922694695135887,-0.14781527760813346,-0.9890125102131815,69.40000748634338,drone2
1753918722.24036,-0.5309843420982361,-0.15438571572303772,0.022524476051330566,0.0008972089607893372,-0.0003869442686983617,-0.13259187807284695,-0.9911703024163936,69.60001349449158,drone2
1753918722.440366,-0.5097768902778625,-0.15110374987125397,0.02277091145515442,0.0007471521551504855,0.0005224595061023929,-0.1226303018399032,-0.9924519880796099,69.80001950263977,drone2
1753918722.6403651,-0.4935353994369507,-0.1472727656364441,0.024293065071105957,-0.0006998447975285334,0.009506530868278715,-0.11812750113239323,-0.9929527769336164,70.00001859664917,drone2
1753918722.8403707,-0.48676133155822754,-0.1462773084640503,0.025983303785324097,-0.0009213683040295381,0.007226440693761256,-0.11800430589419592,-0.9929863679718796,70.2000241279602,drone2
1753918723.0403547,-0.48708224296569824,-0.14658577740192413,0.02768769860267639,-0.0006772312023050415,0.003571771390912103,-0.120529112854241,-0.9927032675904319,70.40000820159912,drone2
1753918723.2403681,-0.49027112126350403,-0.1461479216814041,0.02851441502571106,-0.0008053234392022917,0.0012207825821989315,-0.1236712447044252,-0.9923222600798934,70.60002160072327,drone2
1753918723.4403467,-0.49441733956336975,-0.14569075405597687,0.026801854372024536,-0.000775938668768206,0.0003336919519796589,-0.12597178828354388,-0.9920334698738968,70.80000019073486,drone2
1753918723.6403568,-0.5003764629364014,-0.14577679336071014,0.02270132303237915,-0.0006822972411483414,-0.0001452776966955623,-0.12690217996442177,-0.9919150793764296,71.0000102519989,drone2
1753918723.8403666,-0.5073031187057495,-0.1461798995733261,0.01911979913711548,-0.0005049344431329153,-0.0004881935626159707,-0.12669549181932438,-0.9919414633035974,71.20002007484436,drone2
1753918724.0403547,-0.5111269354820251,-0.14601640403270721,0.01818150281906128,-0.00024517476207385017,-0.0006149815829844352,-0.12580143072186284,-0.9920552176477284,71.40000820159912,drone2
1753918724.2403512,-0.5096677541732788,-0.1447286307811737,0.020382225513458252,-0.00021987565321607898,-9.49829548108626e-05,-0.12483462416387142,-0.9921774856552585,71.60000467300415,drone2
1753918724.4403627,-0.5061001181602478,-0.1448785364627838,0.022497206926345825,-0.00033169347519295317,0.0008184817552778837,-0.12421068221851611,-0.9922555416187007,71.80001616477966,drone2
1753918724.6403496,-0.5010937452316284,-0.14485399425029755,0.022056758403778076,1.953629905582042e-05,0.0015619659101266585,-0.12398705104031732,-0.9922825998954447,72.00000309944153,drone2
1753918724.8403382,-0.4976050555706024,-0.14213843643665314,0.020075559616088867,1.6559513243611475e-05,0.0018381303361801329,-0.12408255579904298,-0.9922702087219825,72.19999170303345,drone2
1753918725.0403433,-0.49622026085853577,-0.13964205980300903,0.018284201622009277,-0.0005164576858028707,0.0015805595850372966,-0.12432881983489219,-0.9922397365505091,72.39999675750732,drone2
1753918725.2403617,-0.49866193532943726,-0.13899660110473633,0.01813545823097229,-0.0006472803922868287,0.0009900062989860947,-0.12459628373554232,-0.9922068620086706,72.60001516342163,drone2
1753918725.4403875,-0.5047322511672974,-0.1406421810388565,0.017807722091674805,-0.0004524118451777099,8.72531548816991e-05,-0.12480356193651887,-0.99218140531217,72.80004096031189,drone2
1753918725.6403356,-0.5109108686447144,-0.14262725412845612,0.016920477151870728,0.00021746876564736017,-0.0007834828311745608,-0.12486387407673799,-0.9921736081451955,72.99998903274536,drone2
1753918725.840338,-0.514613687992096,-0.1426836997270584,0.016047418117523193,0.0003076810696960954,-0.0009525899608915467,-0.12476343813673657,-0.9921860414655063,73.19999146461487,drone2
1753918726.0403247,-0.5169520378112793,-0.14073015749454498,0.016012728214263916,-9.814904129984278e-05,-0.0005541003985719013,-0.1246218247257399,-0.992204080316669,73.39997816085815,drone2
1753918726.2403367,-0.5174357295036316,-0.1420004516839981,0.0155581533908844,-0.0005394870078265424,-1.258599973891788e-05,-0.12449938813081574,-0.9922195482100724,73.59999012947083,drone2
1753918726.4403296,-0.517033576965332,-0.14677315950393677,0.014782518148422241,7.738604875174078e-05,0.0003446418699168676,-0.1244553868209704,-0.9922251115940759,73.79998302459717,drone2
1753918726.6403322,-0.5170428156852722,-0.15230987966060638,0.012340128421783447,0.0011418662303570761,0.0005260661588672135,-0.12444885405945122,-0.9922252380346214,73.99998569488525,drone2
1753918726.8403308,-0.5166860222816467,-0.15728193521499634,0.009724020957946777,0.0015897472275813857,0.0004522586924207089,-0.12449201243232638,-0.9922193374758299,74.1999843120575,drone2
1753918727.04034,-0.5174142122268677,-0.1608969122171402,0.009364277124404907,0.0014169818213840084,0.0003007650146937449,-0.12455426332757691,-0.9922117931899463,74.39999341964722,drone2
1753918727.240325,-0.5205677151679993,-0.160410538315773,0.010172426700592041,0.0007998749917951495,5.11968964125299e-06,-0.12463767194078007,-0.9922020572679403,74.59997844696045,drone2
1753918727.440332,-0.5252915620803833,-0.15546372532844543,0.011730104684829712,-0.00026197602803524955,-0.0003706824947456117,-0.12469634035390714,-0.9921948923036935,74.79998540878296,drone2
1753918727.6403277,-0.530170738697052,-0.14954695105552673,0.01192629337310791,-0.001294071918174128,-0.000688688209803155,-0.12475437656430671,-0.9921865893745369,74.99998116493225,drone2
1753918727.840332,-0.5315614938735962,-0.145782932639122,0.01207152009010315,-0.0018414908476452,-0.0007107309909948367,-0.1246575652532772,-0.9921979268767862,75.19998550415039,drone2
1753918728.0403247,-0.5293771624565125,-0.14622904360294342,0.011732280254364014,-0.0011946308537085866,-9.399002403919373e-05,-0.12450275987869658,-0.9922185366857081,75.39997816085815,drone2
1753918728.24033,-0.52756267786026,-0.14715266227722168,0.01077696681022644,4.936204735606397e-05,0.0004469488686323601,-0.12434365552556803,-0.9922391464946301,75.59998345375061,drone2
1753918728.440344,-0.5256544351577759,-0.14430882036685944,0.010624289512634277,0.0004127640187283781,0.0006815984945562346,-0.12429008688111065,-0.9922455949624521,75.7999975681305,drone2
1753918728.6403463,-0.5223666429519653,-0.1392987072467804,0.011743873357772827,-0.0003010524899508586,0.0005926280511031859,-0.12437800520710435,-0.9922347210755362,75.99999976158142,drone2
1753918728.8403232,-0.5183560252189636,-0.13476385176181793,0.01105239987373352,-0.001107986831917324,0.0009121570567808778,-0.12444624095484358,-0.9922254066220153,76.19997668266296,drone2
1753918729.0403192,-0.5163261294364929,-0.1319776177406311,0.007375597953796387,-0.0009354078041054636,0.001048680114236176,-0.12452539273634705,-0.9922154599657668,76.39997267723083,drone2
1753918729.2403128,-0.5157358646392822,-0.12969599664211273,0.003718852996826172,-0.0005590494222879389,0.000896470094430896,-0.12455641281685098,-0.992212003924189,76.59996628761292,drone2
1753918729.4403174,-0.5178046226501465,-0.12783919274806976,0.0035153627395629883,-0.00045350348816971007,0.0004950777682452028,-0.12455999529897444,-0.9922117931899463,76.79997086524963,drone2
1753918729.6403153,-0.5222954154014587,-0.12671157717704773,0.0077250003814697266,-0.0005267280166771154,-0.00011445734039310615,-0.12455649711054806,-0.992212509686371,76.99996876716614,drone2
1753918729.8403141,-0.5252926349639893,-0.1256367415189743,0.013305097818374634,-0.00031940547713358696,-0.00046564526619634886,-0.12453289487538188,-0.9922153756720697,77.19996762275696,drone2
1753918730.0404704,-0.5266467332839966,-0.1251198649406433,0.017339229583740234,-0.00021230204152250783,-0.0003671818110529078,-0.12450347637512132,-0.9922190845947387,77.40012383460999,drone2
1753918730.2404695,-0.5274555683135986,-0.12360087782144547,0.020423084497451782,-0.00021741252183033865,-2.0611249487870013e-05,-0.12446828375661473,-0.9922235943075295,77.60012292861938,drone2
1753918730.4404325,-0.5283069610595703,-0.12132645398378372,0.020165055990219116,-0.0004225547645645473,0.00032510168133261555,-0.12446019156170068,-0.9922245215381966,77.80008602142334,drone2
1753918730.6404524,-0.530406653881073,-0.12015888839960098,0.019188761711120605,-0.0007028195048096387,0.00028926693048194626,-0.12448451029329144,-0.9922212762308613,78.00010585784912,drone2
1753918730.8403926,-0.5320770144462585,-0.12202005833387375,0.019564300775527954,-0.0005504009630597607,0.0001315612641497289,-0.12448872497814245,-0.9922208547623762,78.20004606246948,drone2
1753918731.0403984,-0.5325765609741211,-0.1262296587228775,0.01899358630180359,0.0001188137615150387,2.6394921774243958e-05,-0.1244666821763713,-0.9922238471886206,78.4000518321991,drone2
1753918731.2404296,-0.532552182674408,-0.13162082433700562,0.017978906631469727,0.0006525510532566051,0.00023718637023796606,-0.12446293110685386,-0.9922240579228631,78.60008311271667,drone2
1753918731.4404128,-0.5325806140899658,-0.137673482298851,0.016556769609451294,0.0011131769240824518,0.00020844411286899685,-0.12444329067544774,-0.9922260809715916,78.80006623268127,drone2
1753918731.6404514,-0.5310183167457581,-0.14254210889339447,0.015375614166259766,0.0013038981636754542,0.0002868992366010735,-0.12448918859347607,-0.9922200539722545,79.0001049041748,drone2
1753918731.8404279,-0.527637243270874,-0.14506441354751587,0.015168339014053345,0.0009578755008513002,0.000745480162093507,-0.12451384449985503,-0.9922171458397072,79.20008134841919,drone2
1753918732.0403996,-0.527032732963562,-0.1450675129890442,0.015438735485076904,0.0004350687874468997,0.0010088070038264296,-0.12462262551586167,-0.9922037009950322,79.40005302429199,drone2
1753918732.2404637,-0.5297883749008179,-0.1440897136926651,0.01489529013633728,-0.0004476553839917095,0.000743732055697067,-0.12471265118428093,-0.9921925742270254,79.60011720657349,drone2
1753918732.4404037,-0.5336279273033142,-0.14409178495407104,0.014157503843307495,-0.0008543830911520282,4.484404102050095e-05,-0.12472875128041205,-0.9921905511782969,79.80005717277527,drone2
1753918732.6403866,-0.5371846556663513,-0.14656171202659607,0.012993305921554565,-0.0007162714597073486,-0.0005166490650107453,-0.12460610395124533,-0.9922058926311549,80.00004005432129,drone2
1753918732.8404229,-0.538349449634552,-0.15206827223300934,0.011405974626541138,1.276769628471033e-05,-0.0006012965753592051,-0.12448800848171787,-0.9922209812029218,80.20007634162903,drone2
1753918733.0404258,-0.5371015071868896,-0.1572641134262085,0.009896606206893921,0.0007075506943502821,-0.00026718482183529167,-0.12437699368274008,-0.9922347210755362,80.4000792503357,drone2
1753918733.2404559,-0.5354516506195068,-0.1611912101507187,0.007870078086853027,0.0010161918396208844,0.00012235901014936873,-0.12435482444042334,-0.9922372498864469,80.60010933876038,drone2
1753918733.4404147,-0.5346294641494751,-0.16263139247894287,0.006127446889877319,0.0008187531167742043,0.00038358023813608004,-0.12442685340452847,-0.9922284411951081,80.80006814002991,drone2
1753918733.6403844,-0.5343948006629944,-0.16266576945781708,0.005842685699462891,0.00023302260425402916,0.0003281834278206631,-0.12453609803586874,-0.9922150384972817,81.00003790855408,drone2
1753918733.8404062,-0.534365177154541,-0.16211864352226257,0.006573677062988281,-0.00017760933032577572,0.00031937935143832116,-0.12457306082201286,-0.992210360197097,81.20005965232849,drone2
1753918734.0404003,-0.534481942653656,-0.16115975379943848,0.008769243955612183,-0.0006424715768124437,0.00015960394145606181,-0.12456956263358637,-0.9922107395187336,81.40005373954773,drone2
1753918734.2403972,-0.5350558757781982,-0.16006045043468475,0.009453624486923218,-0.0007237230863205737,0.00011590362760986835,-0.1245425465036909,-0.9922139848260689,81.60005068778992,drone2
1753918734.4403954,-0.5355824828147888,-0.15849517285823822,0.006437957286834717,-0.0006138457583442921,0.0001406634193848756,-0.12446878951879681,-0.9922233414264383,81.800048828125,drone2
1753918734.640381,-0.5362390279769897,-0.15782147645950317,0.003173828125,-0.0006276044200568369,0.00012192673741842584,-0.12438441152807811,-0.9922339624322631,82.00003457069397,drone2
1753918734.8403528,-0.5350127816200256,-0.15996618568897247,0.0009328722953796387,-0.00041378699559308684,0.000243600079257821,-0.1243198004093109,-0.9922420967740258,82.20000624656677,drone2
1753918735.0403473,-0.5341553092002869,-0.16267722845077515,-0.001682966947555542,0.0003413561649918673,0.0005668321938912368,-0.12432490017798065,-0.992241380277601,82.40000081062317,drone2
1753918735.2403874,-0.536351203918457,-0.1632624864578247,-0.004045665264129639,0.0005579042701431399,0.0005537295606800816,-0.12440628574245521,-0.9922311385934129,82.60004091262817,drone2
1753918735.4403512,-0.5411337018013,-0.16221711039543152,-0.0051653385162353516,0.00015755885463847674,0.00013937678547996476,-0.12450903975912475,-0.9922184945388597,82.80000472068787,drone2
1753918735.640359,-0.5479207634925842,-0.16218020021915436,-0.0041100382804870605,-0.00025662497833172515,-0.0004502496995013915,-0.12460589321700283,-0.9922061876590944,83.00001239776611,drone2
1753918735.8403542,-0.5541744828224182,-0.16289839148521423,-0.0011613667011260986,-0.0003915003059792611,-0.0008799421913235994,-0.12464656492581583,-0.9922008350093336,83.20000767707825,drone2
1753918736.0403457,-0.5588938593864441,-0.16470497846603394,0.00196114182472229,-0.00016746120061679386,-0.0008675677695873184,-0.12459303842820696,-0.9922075785050953,83.39999914169312,drone2
1753918736.240378,-0.5604113936424255,-0.16777440905570984,0.004310399293899536,0.00023418381887188244,-0.0005475336191129722,-0.12450170620748385,-0.9922191688884359,83.60003137588501,drone2
1753918736.4403474,-0.5606092214584351,-0.1696494221687317,0.004859238862991333,0.000563225438228837,-6.819473276393131e-05,-0.12441783397894718,-0.9922297898942606,83.8000009059906,drone2
1753918736.6403704,-0.5605449676513672,-0.1683143973350525,0.004662990570068359,0.00039359593608797054,0.00047969335050297045,-0.1244185083285233,-0.9922297056005636,84.00002384185791,drone2
1753918736.8403487,-0.5615716576576233,-0.16463248431682587,0.004185348749160767,-0.00025201843891887007,0.000641143827607392,-0.12446579709255262,-0.9922236364543779,84.20000219345093,drone2
1753918737.0403452,-0.5641551613807678,-0.1612655222415924,0.004052877426147461,-0.000868578789753441,0.0005522533767325472,-0.12452193669476908,-0.9922163029027371,84.39999866485596,drone2
1753918737.2403553,-0.5678903460502625,-0.16096718609333038,0.004829466342926025,-0.0008863038959068396,0.00016738262802532187,-0.12454558107678376,-0.9922135633575838,84.60000872612,drone2
1753918737.440361,-0.5721291303634644,-0.1630309522151947,0.007780402898788452,-0.00029664713845763184,-0.00022324979603811036,-0.1245255613237411,-0.992216302902737,84.80001449584961,drone2
1753918737.6403415,-0.5764556527137756,-0.1649557650089264,0.010763436555862427,0.00037403579823551745,-0.0006209541597917632,-0.12449424621529748,-0.9922201382659515,84.99999499320984,drone2
1753918737.8403454,-0.5816984176635742,-0.16570167243480682,0.012016355991363525,0.0005393683360483889,-0.0008055585910404315,-0.12447823041286327,-0.9922218241398919,85.19999885559082,drone2
1753918738.0403664,-0.5864052772521973,-0.16483955085277557,0.011171847581863403,4.904287964436689e-05,-0.0008956781535008783,-0.12451038845827711,-0.9922179887766776,85.4000198841095,drone2
1753918738.2403493,-0.5882652997970581,-0.16417892277240753,0.009972244501113892,-0.00034120839377799395,-0.0007844488953882557,-0.12453293702223045,-0.9922150806441303,85.60000276565552,drone2
1753918738.4403582,-0.5881257057189941,-0.16324685513973236,0.010430246591567993,-0.00044503927220227693,-0.00035876969984722915,-0.12451093636730776,-0.992218115217223,85.80001163482666,drone2
1753918738.6403394,-0.5862265825271606,-0.1615249067544937,0.01162642240524292,-0.00015761162694814083,0.00012029283833155071,-0.12447877832189391,-0.9922222877552256,85.99999284744263,drone2
1753918738.840339,-0.5814411044120789,-0.16018657386302948,0.01090821623802185,-0.0003257051962150132,0.0006694244555660232,-0.12443207961374392,-0.9922278511392291,86.19999241828918,drone2
1753918739.0403488,-0.5756275653839111,-0.1597234010696411,0.00787457823753357,-0.00016968111299417167,0.0011922409545302222,-0.12441370358779308,-0.9922297056005636,86.40000224113464,drone2
1753918739.240355,-0.5722272396087646,-0.1588171124458313,0.0036428868770599365,-3.4990939250341744e-06,0.001357793240413601,-0.12446465912764276,-0.9922231728390443,86.60000848770142,drone2
1753918739.4403377,-0.5692673325538635,-0.15733906626701355,-0.0014748573303222656,-8.704830638054779e-05,0.0010333030896850215,-0.12451194789167208,-0.9922175251613439,86.79999113082886,drone2
1753918739.6403484,-0.5679935216903687,-0.15590910613536835,-0.004414796829223633,-0.0001692559196166895,0.0006812234431691806,-0.12456206049455154,-0.9922116667494008,87.00000190734863,drone2
1753918739.840334,-0.5670334100723267,-0.15275564789772034,-0.00426754355430603,-0.0003318651057829066,0.00041706373042174236,-0.12454848920933098,-0.9922134369170383,87.19998741149902,drone2
1753918740.0403254,-0.5670586228370667,-0.14916928112506866,-0.0017654001712799072,-0.000727675855673129,0.00031765266831790636,-0.12454600254526882,-0.9922135633575839,87.39997887611389,drone2
1753918740.2403328,-0.5687566995620728,-0.14714086055755615,0.0005964934825897217,-0.0008589725701462231,7.067577861837714e-05,-0.1245069745635477,-0.9922183680983141,87.59998631477356,drone2
1753918740.4403205,-0.5715529322624207,-0.1491081863641739,0.0027887821197509766,-0.0005392005718348438,-0.00022017401503722687,-0.12450516224906172,-0.9922188317136478,87.79997396469116,drone2
1753918740.6403139,-0.5744760632514954,-0.15475058555603027,0.004271954298019409,0.0002835086378836611,-0.0006329044479956294,-0.124519787205495,-0.9922169351054647,87.99996733665466,drone2
1753918740.8403177,-0.5758883357048035,-0.15978772938251495,0.005219876766204834,0.001093738171931945,-0.0007121212607692519,-0.12450726959148734,-0.9922178201892835,88.19997119903564,drone2
1753918741.0403237,-0.5774528980255127,-0.16223712265491486,0.0057859718799591064,0.001248814125987176,-0.00039180430658775875,-0.12450486722112214,-0.992218115217223,88.39997720718384,drone2
1753918741.2403133,-0.5792352557182312,-0.16427284479141235,0.005967140197753906,0.00040556308663265646,-0.0002867408000530984,-0.12454566537048073,-0.992213731944978,88.59996676445007,drone2
1753918741.4403174,-0.5818114876747131,-0.16765804588794708,0.007009834051132202,9.068602392471767e-05,-0.0003833637416289441,-0.12458718001626401,-0.9922086321763082,88.79997086524963,drone2
1753918741.6403177,-0.5852049589157104,-0.1706492155790329,0.007747828960418701,0.0004403456531405753,-0.0007334649043578885,-0.12456020603321705,-0.9922116667494008,88.99997115135193,drone2
1753918741.8403172,-0.5879732370376587,-0.17126958072185516,0.007280200719833374,0.001981883111328981,-0.008611280768707822,-0.12498264389584163,-0.9921195758854046,89.19997072219849,drone2
1753918742.0403457,-0.5853093266487122,-0.1687934547662735,0.007201433181762695,0.0026172106326827708,-0.009552382358919129,-0.12923268995283177,-0.9915648812121527,89.39999914169312,drone2
1753918742.2403147,-0.5742161870002747,-0.1614740490913391,0.0077873170375823975,0.0009317416971194192,-0.006125316080832549,-0.13843220901785003,-0.9903526114084338,89.59996819496155,drone2
1753918742.440318,-0.5565313696861267,-0.15126605331897736,0.007869988679885864,-0.0008822239245666634,-0.0033076206276814926,-0.1496524165878747,-0.9887327815796146,89.79997158050537,drone2
1753918742.6403224,-0.5363009572029114,-0.14271149039268494,0.006673991680145264,-0.0014890490222294827,-0.0013901078959430793,-0.158775944885028,-0.9873125170784945,89.99997591972351,drone2
1753918742.8403182,-0.5143581032752991,-0.13301411271095276,0.007286101579666138,-0.001270944473018765,-0.0003379359009021829,-0.16328544694145108,-0.9865781082431921,90.1999716758728,drone2
1753918743.0403135,-0.49146923422813416,-0.12348891794681549,0.011606812477111816,-0.0009465959093594016,0.00048311738836124163,-0.16248259162416706,-0.986710828669153,90.39996695518494,drone2
1753918743.2404943,-0.4707840383052826,-0.11448955535888672,0.017711758613586426,-0.0018512147100549113,0.010193703952384715,-0.157897941736849,-0.9874011097540645,90.60014772415161,drone2
1753918743.4403875,-0.45908865332603455,-0.10952317714691162,0.020953744649887085,-0.001595104116722401,0.009150134812364819,-0.15343555985706114,-0.9881150352209904,90.80004096031189,drone2
1753918743.6404068,-0.45123162865638733,-0.10688677430152893,0.0200178325176239,-0.0008946198724765484,0.006149238039357415,-0.1489546755107769,-0.9888244509751258,91.00006031990051,drone2
1753918743.8403885,-0.4474266469478607,-0.10689268261194229,0.018860727548599243,-0.00031455213787660597,0.003756043833410686,-0.14674761364165545,-0.9891668519724284,91.20004200935364,drone2
1753918744.0403757,-0.44841182231903076,-0.10414712876081467,0.01953229308128357,-7.206222060270131e-05,0.0022445027585783956,-0.1466166212364836,-0.9891907913823825,91.40002918243408,drone2
1753918744.2404037,-0.4529123604297638,-0.10055932402610779,0.020561546087265015,-0.0007246776465848933,0.001268465917286017,-0.1477365894419636,-0.9890257021767653,91.60005712509155,drone2
1753918744.4403763,-0.45842844247817993,-0.09996543079614639,0.021419256925582886,-0.001290269543923582,0.0005729906037269124,-0.1493016705145671,-0.9887906913494686,91.80002975463867,drone2
1753918744.6403697,-0.46504005789756775,-0.1039021834731102,0.022655606269836426,-0.0009460410032933633,5.327847328358629e-05,-0.1506064947976159,-0.9885934019515892,92.00002312660217,drone2
1753918744.840389,-0.47252383828163147,-0.10958068072795868,0.02421748638153076,0.00016521160228790503,-0.0003938140300797514,-0.15128703996052134,-0.9884897628511008,92.2000424861908,drone2
1753918745.0403585,-0.47831833362579346,-0.11494258046150208,0.024171024560928345,0.0009228394101424462,-0.0005755355489778722,-0.15133074624242704,-0.9884826400337025,92.40001201629639,drone2
1753918745.2403822,-0.48048460483551025,-0.11994072049856186,0.022108405828475952,0.0010461900236846415,-0.00033878735779197347,-0.1510050775439834,-0.988532499755491,92.60003566741943,drone2
1753918745.4403625,-0.478309690952301,-0.12396689504384995,0.01983162760734558,0.0010637342667627774,0.0004686558332840038,-0.1505722294097765,-0.9885983331328649,92.80001592636108,drone2
1753918745.6403534,-0.4743812382221222,-0.12545262277126312,0.01951843500137329,0.0009042370300965932,0.001402401543079693,-0.15021781656064842,-0.9886514803088371,93.0000069141388,drone2
1753918745.840357,-0.4729447364807129,-0.1247318908572197,0.021528273820877075,0.0005371023975837594,0.0020189559567239342,-0.15002528975665064,-0.9886800558721276,93.2000105381012,drone2
1753918746.0403528,-0.47612282633781433,-0.12439145892858505,0.022651106119155884,-0.00020736212424224296,0.001565023985026573,-0.15002351958901322,-0.9886812359838858,93.40000629425049,drone2
1753918746.2403634,-0.483807772397995,-0.12789230048656464,0.021776318550109863,-0.0005936176068341133,0.00043040058151472824,-0.15022089328058968,-0.9886521968052618,93.60001683235168,drone2
1753918746.4403758,-0.49378445744514465,-0.1350126415491104,0.019868701696395874,8.850212570012143e-05,-0.0009345934417930361,-0.15041384155307258,-0.9886226940113042,93.80002927780151,drone2
1753918746.6403515,-0.5025379061698914,-0.14122328162193298,0.01640641689300537,0.0008848575263722887,-0.0017394120448914804,-0.1504667779948023,-0.9886131688235408,94.00000500679016,drone2
1753918746.8403544,-0.5086871981620789,-0.14245018362998962,0.013941824436187744,0.0011363147618933306,-0.0016019006253170372,-0.1503954655271218,-0.9886240427104565,94.20000791549683,drone2
1753918747.0403652,-0.5120077133178711,-0.13823461532592773,0.014242798089981079,6.600554560389192e-05,-0.0008609417828612172,-0.15029486099972628,-0.9886408593030124,94.4000186920166,drone2
1753918747.2403636,-0.514299750328064,-0.13250721991062164,0.014738321304321289,-0.0011124209973052133,-0.00010491037950184744,-0.15024394760672516,-0.9886482771483504,94.60001707077026,drone2
1753918747.4403465,-0.5179990530014038,-0.12815067172050476,0.015257000923156738,-0.00179963264742396,0.00016936324179211317,-0.15023821563532774,-0.9886481928546532,94.79999995231628,drone2
1753918747.6403484,-0.5235899090766907,-0.12792904675006866,0.015366792678833008,-0.0014594860126084087,-4.0077619348678825e-05,-0.15022312706356084,-0.988651058840352,95.00000190734863,drone2
1753918747.840353,-0.5269684195518494,-0.1265096515417099,0.015807926654815674,-0.000639368893239432,-0.0005977795695379717,-0.15019480438136146,-0.9886560321684763,95.20000648498535,drone2
1753918748.0403445,-0.525008499622345,-0.12339365482330322,0.016612380743026733,-0.00042035858036897127,-8.629057889580678e-05,-0.15017453174722772,-0.9886593617695087,95.39999794960022,drone2
1753918748.2403467,-0.5229178071022034,-0.12223944067955017,0.01597416400909424,-0.0005958230929708632,0.0008428177633722476,-0.15015130883369826,-0.988662522783147,95.60000014305115,drone2
1753918748.4403477,-0.5241551399230957,-0.1231704130768776,0.014389902353286743,-0.0004017142078209763,0.0011678303148215424,-0.15018949387844915,-0.9886565379306584,95.80000114440918,drone2
1753918748.6403675,-0.5276597738265991,-0.12593965232372284,0.013451904058456421,9.160662798847557e-06,0.0005035161543477754,-0.15026000555600777,-0.9886463805401673,96.00002098083496,drone2
1753918748.840346,-0.5308526754379272,-0.12794998288154602,0.013477832078933716,0.00042029803543340805,-0.00016822475210452462,-0.15030337466312554,-0.988639847778648,96.19999957084656,drone2
1753918749.0403466,-0.5320835113525391,-0.12928684055805206,0.012848764657974243,0.00033180348299519823,-4.749477527281465e-05,-0.15035003122442714,-0.9886327249612499,96.40000009536743,drone2
1753918749.2403533,-0.531747579574585,-0.13045848906040192,0.010712474584579468,0.00011054630629888261,0.0005457104180632442,-0.15036014646806972,-0.9886311233810063,96.60000681877136,drone2
1753918749.440363,-0.5342730283737183,-0.1316472589969635,0.009561389684677124,6.185906126841057e-05,0.0009268568609133947,-0.15035930353109944,-0.9886310390873093,96.80001640319824,drone2
1753918749.640346,-0.5410400629043579,-0.13457520306110382,0.009605467319488525,1.3460834958879414e-05,0.00026958599858863,-0.15032874706592902,-0.9886359702685851,96.99999952316284,drone2
1753918749.8403456,-0.5502256155014038,-0.13749073445796967,0.009923458099365234,0.00010190297137015695,-0.0007673850811082077,-0.15029937071251703,-0.9886403113939818,97.1999990940094,drone2
1753918750.0403469,-0.5595458149909973,-0.13899321854114532,0.01137775182723999,0.0002189810719509121,-0.0015867003890970024,-0.15030000291524465,-0.9886390891353749,97.40000033378601,drone2
1753918750.240342,-0.5662702918052673,-0.13766393065452576,0.013673752546310425,-0.0002262793503014596,-0.0017851452444747847,-0.1502945659717867,-0.9886396370444055,97.59999537467957,drone2
1753918750.440344,-0.5714629888534546,-0.13484133780002594,0.016148626804351807,-0.0006843190756854264,-0.001417912879841063,-0.15027956169371687,-0.9886423344427102,97.7999975681305,drone2
1753918750.6403444,-0.5729703307151794,-0.12957574427127838,0.017850905656814575,-0.0011523714764048896,-0.0007552446073083874,-0.1502591204721891,-0.9886456640437427,97.99999785423279,drone2
1753918750.840357,-0.5735452175140381,-0.12514056265354156,0.018234550952911377,-0.0014260410065898713,5.172908269242996e-05,-0.15023931145338904,-0.9886486143231383,98.2000105381012,drone2
1753918751.040339,-0.5752712488174438,-0.1228201612830162,0.018405526876449585,-0.001199881017480414,0.00035072639929055406,-0.1502117052676143,-0.9886531240359291,98.3999924659729,drone2
1753918751.240359,-0.5778225660324097,-0.12145648151636124,0.01782679557800293,-0.0008295019213923919,9.00404856707691e-05,-0.15019691172378696,-0.9886556949936882,98.60001254081726,drone2
1753918751.440332,-0.5797426700592041,-0.12059969455003738,0.01609286665916443,-0.0005131159840151748,-8.948986014389243e-05,-0.15021221102979643,-0.9886536297981112,98.79998540878296,drone2
1753918751.6403337,-0.5825815796852112,-0.11918704956769943,0.012959003448486328,-0.000391148951904735,-0.000163490774039617,-0.1502536835287312,-0.9886473920645316,98.99998712539673,drone2
1753918751.8403323,-0.5851415395736694,-0.11742229014635086,0.009757518768310547,-0.0005098421534708338,-0.0002911233880293271,-0.15029802201336462,-0.9886405642750729,99.19998574256897,drone2
1753918752.0403314,-0.5859740376472473,-0.1168081983923912,0.006904900074005127,-0.0007565118938959368,-0.0002442516884688158,-0.150293596594271,-0.9886411964778006,99.39998483657837,drone2
1753918752.2403293,-0.5860281586647034,-0.12057097256183624,0.003435462713241577,-0.0004850543323952055,-5.011873557511384e-05,-0.15025667595497544,-0.988646928449198,99.59998273849487,drone2
1753918752.4403338,-0.586595892906189,-0.12758004665374756,7.364153861999512e-05,0.00035651294756413454,-3.090425898860684e-05,-0.15018835591353935,-0.9886573387207801,99.79998731613159,drone2
1753918752.6403244,-0.5866569876670837,-0.13401958346366882,-0.001153498888015747,0.001177789154143511,-0.00013562633592027276,-0.150198724038273,-0.9886551470846576,99.99997782707214,drone2
1753918752.8403223,-0.586832582950592,-0.14014804363250732,-0.0029729902744293213,0.0015019621745324652,-0.0001970052770832625,-0.15024959528442566,-0.988647012742895,100.19997572898865,drone2
1753918753.040314,-0.5884763598442078,-0.14540500938892365,-0.004269212484359741,0.0010752258684270759,-0.0002500858989011619,-0.1503123940887069,-0.9886379933173137,100.3999674320221,drone2
1753918753.240314,-0.5915433764457703,-0.15071432292461395,-0.005778998136520386,0.0005327984645172012,-0.00048294585295140875,-0.15037907040305104,-0.9886282152484591,100.59996747970581,drone2
1753918753.4403176,-0.5949779152870178,-0.15689395368099213,-0.008866757154464722,0.0006949518735729071,-0.0009321933969132091,-0.15043057385193137,-0.9886199544661509,100.79997110366821,drone2
1753918753.640328,-0.5964639186859131,-0.1618594527244568,-0.0107041597366333,0.0008625961392732305,-0.0012061699014467324,-0.15038783694754132,-0.9886260236123365,100.99998140335083,drone2
1753918753.8403156,-0.5937212705612183,-0.1653188019990921,-0.012197509407997131,0.0018508376933242317,-0.008337932443606607,-0.1502949452934234,-0.988604360132202,101.19996905326843,drone2
1753918754.0403147,-0.5833277106285095,-0.16503755748271942,-0.012380614876747131,0.0019362598063604479,-0.008807071319287147,-0.15044022548024039,-0.9885780183518826,101.39996814727783,drone2
1753918754.2403207,-0.5666089057922363,-0.1597924530506134,-0.012337908148765564,0.0013185853937237716,-0.0046218897560637495,-0.1512436287065551,-0.9884848738166736,101.59997415542603,drone2
1753918754.4403145,-0.5486173629760742,-0.1515544205904007,-0.012839198112487793,0.00039724894678473904,-0.0020427853897451494,-0.15328926814587984,-0.9881792248712726,101.79996800422668,drone2
1753918754.640324,-0.528895914554596,-0.14212332665920258,-0.012791767716407776,-0.00039886202068762917,-0.000644522315279574,-0.15655632325505026,-0.9876687422421087,101.99997758865356,drone2
1753918754.8403156,-0.5086586475372314,-0.13560715317726135,-0.011883899569511414,-0.0024176294999153566,0.009151320851023697,-0.16017774906650034,-0.9870428615417218,102.19996905326843,drone2
1753918755.0403163,-0.496512234210968,-0.1329391598701477,-0.012380659580230713,-0.0016740840181092753,0.007745303960333796,-0.1630477808626981,-0.9865863268786518,102.39996981620789,drone2
1753918755.2403135,-0.4929513931274414,-0.13106077909469604,-0.013333141803741455,-0.0007845151820088848,0.004721700572691147,-0.16457202163909473,-0.9863534655406291,102.59996700286865,drone2
1753918755.440423,-0.4924221336841583,-0.12973448634147644,-0.014203980565071106,-0.0004729129942557174,0.002608045339492923,-0.16478781350347038,-0.9863255643269149,102.80007648468018,drone2
1753918755.6403937,-0.49306294322013855,-0.12810616195201874,-0.015173137187957764,-0.0004890201285813084,0.0013405281378887886,-0.16408459333606618,-0.9864453035235343,103.00004720687866,drone2
1753918755.8403907,-0.4944949448108673,-0.1250411868095398,-0.014841988682746887,-0.0007095955162064612,0.0007600507680253651,-0.16296218061337253,-0.986631887621892,103.20004415512085,drone2
1753918756.040375,-0.4966937005519867,-0.12314745783805847,-0.01375742256641388,-0.0009296184673074801,0.0006860873911665955,-0.16206436844639355,-0.9867795701790743,103.40002846717834,drone2
1753918756.240417,-0.501162588596344,-0.12320931255817413,-0.01310683786869049,-0.0008294057738942259,0.00046833150011382297,-0.16161230134926557,-0.9868539172198475,103.60007047653198,drone2
1753918756.440376,-0.5062782764434814,-0.12663644552230835,-0.01197466254234314,-0.00035980182173443953,-9.069312385755568e-05,-0.16158532736621872,-0.9868587219605778,103.80002951622009,drone2
1753918756.6403754,-0.5110296607017517,-0.13095536828041077,-0.011640414595603943,0.0004689592412667557,-0.00046113428358524083,-0.1618774471732477,-0.9868106324064267,104.00002884864807,drone2
1753918756.8404026,-0.5127261877059937,-0.13493898510932922,-0.010756194591522217,0.0008178274295706572,-0.00046070693353880606,-0.16216720675676,-0.9867628800270639,104.2000560760498,drone2
1753918757.0404058,-0.5131840109825134,-0.138657808303833,-0.010167211294174194,0.0009342144905878641,-5.551122727872967e-05,-0.16243382772043996,-0.9867190473046126,104.40005922317505,drone2
1753918757.2404048,-0.5130535364151001,-0.1405545175075531,-0.009388893842697144,0.0006365891691540584,0.0003861309456516263,-0.162551628162028,-0.9866997019011461,104.60005831718445,drone2
1753918757.440387,-0.5121288895606995,-0.14193275570869446,-0.007358759641647339,0.00028725151160893575,0.0004243594183258703,-0.1625987483386631,-0.9866921997621112,104.80004048347473,drone2
1753918757.6403902,-0.5096960067749023,-0.14103491604328156,-0.003975272178649902,0.00010685660489775134,0.0006669838175911358,-0.16253047044407543,-0.986703326530118,105.00004363059998,drone2
1753918757.8403716,-0.5067334175109863,-0.139095276594162,-0.0015443265438079834,-0.000222624881031504,0.0009293423313636174,-0.16239829792714533,-0.9867248214228586,105.20002508163452,drone2
1753918758.0403733,-0.5047243237495422,-0.13572633266448975,-0.00013142824172973633,-0.0006505015186910132,0.0012167862871703037,-0.16228138256937613,-0.9867435346235974,105.40002679824829,drone2
1753918758.240393,-0.5056060552597046,-0.13382725417613983,0.00019562244415283203,-0.0008648466842598477,0.001056562943445521,-0.1621960352011415,-0.9867575695241516,105.6000463962555,drone2
1753918758.440372,-0.5085340738296509,-0.13245561718940735,-0.0009385943412780762,-0.0006983276190245974,0.0005599677780390966,-0.16221036512963521,-0.9867557993565141,105.80002546310425,drone2
1753918758.6403794,-0.5142496228218079,-0.130986750125885,-0.0015644431114196777,-0.0005856022043835066,-0.00010565558435117693,-0.16225133186638774,-0.9867493087418434,106.00003290176392,drone2
1753918758.8403814,-0.5207424759864807,-0.12907415628433228,-0.0016791224479675293,-0.0005495716240046549,-0.0006489809445669598,-0.16230839869927155,-0.986739699260383,106.20003485679626,drone2
1753918759.040359,-0.5270023345947266,-0.1277008056640625,-0.0015120506286621094,-0.0005633092585968551,-0.0009696985561981338,-0.1623673199934898,-0.9867297526041344,106.40001249313354,drone2
1753918759.2403727,-0.531338095664978,-0.1264050155878067,-0.0001932084560394287,-0.00044065806048116887,-0.00023076058104215424,-0.16259992845042143,-0.9866920311747172,106.60002613067627,drone2
1753918759.4403598,-0.5344403386116028,-0.12346038222312927,0.00448957085609436,-6.396015652452737e-05,8.7933761916921e-05,-0.1641921942403145,-0.9864284026372816,106.80001330375671,drone2
1753918759.640356,-0.5351828336715698,-0.11740470677614212,0.006912320852279663,-7.771059286118697e-06,7.1876652535762e-05,-0.16418701017794768,-0.9864292877211003,107.00000953674316,drone2
1753918759.8403792,-0.5354626774787903,-0.11005768924951553,0.006769686937332153,2.9411877515222145e-05,6.126015233877347e-05,-0.16420559693814096,-0.986426211001159,107.20003271102905,drone2
1753918760.0403452,-0.534997284412384,-0.10347235947847366,0.0036922097206115723,4.45310761035125e-05,2.609797157926514e-05,-0.1642074092526269,-0.9864258316795222,107.39999866485596,drone2
1753918760.24038,-0.5353574156761169,-0.09819797426462173,-0.0010758042335510254,-0.0004521537163100945,1.0113000475454758e-05,-0.16416614748793473,-0.9864326173221326,107.60003352165222,drone2
1753918760.440369,-0.5380511283874512,-0.09590557217597961,-0.004881709814071655,-0.0022864761629293605,0.0004314952368333653,-0.16366843535386966,-0.9865126541874547,107.80002236366272,drone2
1753918760.6403508,-0.5405482053756714,-0.098143570125103,-0.006940305233001709,-0.003881871109370169,0.0006998828284740081,-0.16242291168667572,-0.9867134417737606,108.00000429153442,drone2
1753918760.8403716,-0.5411690473556519,-0.1043466106057167,-0.009272247552871704,-0.0014422098383040528,0.0002846953762460798,-0.16105090532710054,-0.986945123000025,108.20002508163452,drone2
1753918761.0403466,-0.5403512120246887,-0.11261428147554398,-0.013335689902305603,-8.012769687408864e-05,-4.688933234688623e-05,-0.16040121165730503,-0.9870519652610001,108.40000009536743,drone2
1753918761.2404015,-0.5395013093948364,-0.1190202608704567,-0.018574431538581848,6.315893053524602e-05,6.398136998609799e-05,-0.1610142375688961,-0.9869520350831809,108.60005497932434,drone2
1753918761.4403458,-0.5391770005226135,-0.12395524978637695,-0.023165330290794373,0.001206032564047684,0.00025625794266624283,-0.16166578570002593,-0.9868448556474176,108.79999923706055,drone2
1753918761.6403666,-0.5382488965988159,-0.1281348466873169,-0.02483023703098297,0.0010778878699644696,0.00038084995376501743,-0.16210255349114439,-0.9867733324454947,109.00002002716064,drone2
1753918761.8403661,-0.5366513133049011,-0.13112971186637878,-0.026609405875205994,0.0004923983821617766,0.00045187088945113313,-0.1622198903173987,-0.9867545349510589,109.2000195980072,drone2
1753918762.040365,-0.5346680283546448,-0.13265326619148254,-0.02852146327495575,0.00020684996183081557,0.0006947823395211341,-0.1621741609867644,-0.9867619106495482,109.40001845359802,drone2
1753918762.2403677,-0.5317025780677795,-0.13184089958667755,-0.02797819674015045,-1.834951953423306e-05,0.0008200544418810119,-0.16198955779028668,-0.9867921720867792,109.60002112388611,drone2
1753918762.4402978,-0.5295026302337646,-0.13073879480361938,-0.0268060564994812,-0.0003965279640254532,0.0010212057505504764,-0.16181662927084645,-0.9868202840347358,109.79995131492615,drone2
1753918762.640343,-0.5290585160255432,-0.1318119764328003,-0.02703128755092621,-0.0004397572744918279,0.0010286927636412478,-0.16171530824702623,-0.9868368898930491,109.99999642372131,drone2
1753918762.8403478,-0.5288493633270264,-0.13394656777381897,-0.028371497988700867,-0.00017659416338720247,0.0007455064421352807,-0.16170245345823048,-0.9868392922634143,110.20000123977661,drone2
1753918763.0403447,-0.5277910828590393,-0.13702185451984406,-0.029532238841056824,0.0002675555412343929,0.0007502630267983764,-0.1618159127744217,-0.9868207476500694,110.3999981880188,drone2
1753918763.2403467,-0.5272385478019714,-0.1439300775527954,-0.029415622353553772,0.0006318874700598,0.0008418273021424842,-0.16195196280141494,-0.9867980726455706,110.60000014305115,drone2
1753918763.4403467,-0.5313848853111267,-0.15110091865062714,-0.028986796736717224,0.001144417678735194,0.0005465476339280495,-0.16210946557430017,-0.9867719837463422,110.80000019073486,drone2
1753918763.6403632,-0.5386500358581543,-0.15471050143241882,-0.027726665139198303,0.0012404842376647364,-0.0003389376294168883,-0.16223409380534687,-0.9867515425248146,111.00001668930054,drone2
1753918763.840343,-0.5458466410636902,-0.15367551147937775,-0.024399563670158386,0.00028156811301379667,-0.0010684640980550962,-0.16234481357638497,-0.9867334615268033,111.19999647140503,drone2
1753918764.0403378,-0.5504806041717529,-0.15036825835704803,-0.020652323961257935,-0.0008862985555224682,-0.001008532874385085,-0.1623609558193646,-0.9867305533942561,111.39999127388,drone2
1753918764.2403407,-0.5524654984474182,-0.14784842729568481,-0.01862691342830658,-0.0011844951951862225,-0.0003197796641809722,-0.16222958409255617,-0.9867523433149363,111.59999418258667,drone2
1753918764.4403443,-0.5547487139701843,-0.14900483191013336,-0.01648123562335968,-0.0007175719307642433,0.0001937329900027523,-0.16209500920526088,-0.9867749761725866,111.79999780654907,drone2
1753918764.640355,-0.5583248734474182,-0.1539059728384018,-0.0130842924118042,0.0002561683034399728,0.00012320877437398,-0.1620096196901779,-0.9867892218073833,112.00000858306885,drone2
1753918764.840333,-0.5641716122627258,-0.15865419805049896,-0.008640795946121216,0.0011123628395934922,-0.0003635208489456927,-0.16202053572394215,-0.986786735143321,112.1999864578247,drone2
1753918765.0403512,-0.5732632279396057,-0.16147229075431824,-0.005049645900726318,0.001091645965740328,-0.0011210449771992584,-0.16217403454621881,-0.9867609412720324,112.40000462532043,drone2
1753918765.2403364,-0.580060601234436,-0.16081543266773224,-0.003997325897216797,0.00043132294512646395,-0.0016507517861914485,-0.16233107370377048,-0.9867348945196527,112.59998989105225,drone2
1753918765.440332,-0.5825013518333435,-0.15824328362941742,-0.0040091872215271,-0.0003166388184682125,-0.001368294061865501,-0.16239286098368738,-0.9867252850381922,112.79998540878296,drone2
1753918765.640333,-0.5831533074378967,-0.15634216368198395,-0.0014206767082214355,-0.0008438982599838222,-0.0004908128307886485,-0.16234333843668713,-0.9867338408484401,112.99998641014099,drone2
1753918765.8403342,-0.5832623243331909,-0.1555785834789276,0.0016235411167144775,-0.0006234857386472999,9.767639155889279e-05,-0.16227147805997605,-0.9867460212876596,113.1999876499176,drone2
1753918766.0403378,-0.5818477272987366,-0.1547161191701889,0.0017478764057159424,-0.00025167746463766266,0.0003117716935081771,-0.16221921596782246,-0.9867546192447558,113.39999127388,drone2
1753918766.2403297,-0.5790424346923828,-0.15206025540828705,0.0009804964065551758,-0.0002160823030832433,0.0005889065337705142,-0.16222431573649232,-0.9867537341609371,113.59998321533203,drone2
1753918766.4403205,-0.5767949819564819,-0.1492748260498047,0.002000957727432251,-0.0005661056752421822,0.0008222299539528909,-0.16227780008725262,-0.9867446725885073,113.79997396469116,drone2
1753918766.6403205,-0.5756856203079224,-0.14890189468860626,0.0025027692317962646,-0.0006926608744026798,0.0008577391008482735,-0.16230595418205795,-0.986739867847777,113.99997401237488,drone2
1753918766.8403156,-0.5765615105628967,-0.15078629553318024,0.0018228888511657715,-0.00040810604081545603,0.0005294481347674768,-0.16231286626521374,-0.9867391934982008,114.19996905326843,drone2
1753918767.0403187,-0.5781058073043823,-0.15561039745807648,0.002795696258544922,0.00033609029904942833,8.308660551887484e-06,-0.16227236314379473,-0.9867458948471141,114.39997220039368,drone2
1753918767.2403183,-0.5799834728240967,-0.15956827998161316,0.006237626075744629,0.0010884236765934948,-0.00032658037099684656,-0.1622743440456748,-0.9867450097632954,114.59997177124023,drone2
1753918767.440314,-0.5820051431655884,-0.16064825654029846,0.008553624153137207,0.0010098925527092936,-0.0004958106896958566,-0.1623113489786674,-0.9867390249108068,114.79996752738953,drone2
1753918767.6403337,-0.5819124579429626,-0.15985365211963654,0.010196685791015625,0.00015370330034647506,-0.000423133491420209,-0.16234835391165986,-0.9867334615268033,114.99998712539673,drone2
1753918767.8403327,-0.5803160071372986,-0.15804490447044373,0.01037183403968811,-0.0006471000539892189,9.627733433119939e-05,-0.16238063839761924,-0.986727982436497,115.19998621940613,drone2
1753918768.0403187,-0.5811346173286438,-0.15679939091205597,0.010300487279891968,-0.0006488358847044399,0.00036450754412419207,-0.162379795460649,-0.986727982436497,115.39997220039368,drone2
1753918768.2403164,-0.5841737985610962,-0.1576392501592636,0.011612862348556519,-0.00047616095634860463,-2.6637775496060667e-05,-0.16237115535670427,-0.9867297104572859,115.5999698638916,drone2
1753918768.4403164,-0.586492657661438,-0.160055473446846,0.013781636953353882,-0.00017718477491328373,-0.00057409029073704,-0.16234915470178163,-0.9867332507925608,115.79996991157532,drone2
1753918768.6402621,-0.5871106386184692,-0.16163623332977295,0.01625800132751465,0.0003706876859286297,-0.00061274777943384,-0.16232681687207084,-0.9867367911278357,115.999915599823,drone2
1753918768.8406458,-0.5865196585655212,-0.1614721119403839,0.018079042434692383,0.0004218009060289308,-0.0001982277209057206,-0.1623155215166699,-0.9867388141765643,116.20029926300049,drone2
1753918769.040416,-0.5860940217971802,-0.16050125658512115,0.019992411136627197,9.846205830887152e-05,0.00018334759648281417,-0.1622991263925992,-0.9867416380154145,116.40006947517395,drone2
1753918769.2404268,-0.5853851437568665,-0.1599450409412384,0.019705265760421753,-0.00033599870476900927,0.0004519872537512058,-0.16230780864339245,-0.986740036435171,116.60008025169373,drone2
1753918769.440407,-0.5863214731216431,-0.15751269459724426,0.016813695430755615,-0.00024668720728913095,0.0004079463283377741,-0.16233937663292708,-0.9867349366665013,116.80006051063538,drone2
1753918769.640397,-0.5877232551574707,-0.15362630784511566,0.013326585292816162,-0.0005475159927576237,0.00022592049499353876,-0.16237777241192047,-0.9867284881986791,117.00005054473877,drone2
1753918769.840427,-0.5870195627212524,-0.15112930536270142,0.011649549007415771,-0.000841559542061301,3.731304950430782e-05,-0.16238582245998606,-0.9867270130589811,117.20008039474487,drone2
1753918770.0404081,-0.5825957655906677,-0.1492822915315628,0.011066704988479614,-0.0006786192289122243,0.0004246693612695765,-0.16236554982585238,-0.9867304269537105,117.40006160736084,drone2
1753918770.2404613,-0.577088475227356,-0.145314022898674,0.009177535772323608,-0.0003789398865785047,0.0011056051439657956,-0.16231134897866728,-0.9867389406171098,117.6001148223877,drone2
1753918770.440387,-0.5735313296318054,-0.13998810946941376,0.008357793092727661,-0.0006118533319353882,0.0015036636065869028,-0.16230848299296863,-0.9867386877360187,117.80004048347473,drone2
1753918770.640434,-0.5733340382575989,-0.13774672150611877,0.00743529200553894,-0.0008724234446193476,0.0013018429080045898,-0.16235821627421143,-0.9867305955411045,118.00008749961853,drone2
1753918770.8403735,-0.5773820281028748,-0.13851842284202576,0.003971993923187256,-0.0005081794250546575,0.0004888883232133721,-0.16236871083949067,-0.9867298790446799,118.20002698898315,drone2
1753918771.040376,-0.5839936137199402,-0.13887694478034973,0.0013453960418701172,1.4677063767544602e-05,-0.000840264020377972,-0.16235935423912123,-0.9867313120375293,118.40002942085266,drone2
1753918771.2403781,-0.5893357396125793,-0.1374960094690323,0.0019016563892364502,0.00011954373237774447,-0.00141307801069958,-0.16232647969728276,-0.9867361167782596,118.60003161430359,drone2
1753918771.440356,-0.5933679342269897,-0.13560083508491516,0.004648774862289429,-0.00032738404225077597,-0.0013888310193011324,-0.16231016886690908,-0.9867388563234127,118.80000948905945,drone2
1753918771.6403587,-0.5958651900291443,-0.1323077380657196,0.006136506795883179,-4.3167921770451704e-05,-0.006527895863091274,-0.16219042967028957,-0.986737886945897,119.00001215934753,drone2
1753918771.8403509,-0.5912609696388245,-0.12966006994247437,0.0052058398723602295,-0.0002761823713912477,-0.01022985014333873,-0.1596984551052345,-0.9871128253102499,119.20000433921814,drone2
1753918772.0403528,-0.5760934948921204,-0.1261492669582367,0.004682421684265137,-0.00014491469461505176,-0.005966470535695561,-0.152726902746199,-0.9882504108984075,119.40000629425049,drone2
1753918772.24037,-0.554484486579895,-0.12087372690439224,0.005817711353302002,0.0005065508714971703,-0.0024409418931798828,-0.14278698999338968,-0.9897504172369103,119.6000235080719,drone2
